1333.0 1:[ 50.889567    0.320497    1.         50.780253    0.25144    11.3779279
  11.3779279]
790.0 1:[ 50.86122      0.244977     1.          50.889585     0.320483
   5.02005786   5.02005786]
458.0 1:[ 51.42309     -0.93442      0.          51.42601     -0.932593
   0.38214328   0.38214328]
968.0 1:[ 51.440585    -1.074813     0.          51.424023    -0.932652
   7.95727949   7.95727949]
174.0 1:[ 51.70888   -0.438547   0.        51.700925  -0.43411    0.672945
   0.672945]
703.0 1:[ 56.393908    -3.429637     1.          56.390907    -3.481975
   2.83780223   2.83780223]
3899.0 1:[ 51.756197    -0.348612     0.          51.433478    -1.076062
  50.76540503  50.76540503]
345.0 1:[ 53.709743    -1.909378     1.          53.723617    -1.9462       2.04244711
   2.04244711]
209.0 1:[ 51.987895    -0.2328       0.          51.987895    -0.2328       0.71333413
   0.71333413]
147.0 1:[ 51.403542    -0.848075     0.          51.404052    -0.847942
   0.30385051   0.30385051]
7236.0 1:[ 51.405192    -0.74796      0.          50.885625     0.426315
  86.27676867  86.27676867]
1732.0 1:[ 51.419113    -0.777795     0.          51.51769     -0.728877
   9.87048139   9.87048139]
89.0 1:[  5.38624080e+01  -2.11986500e+00   0.00000000e+00   5.38622650e+01
  -2.12136200e+00   5.34379225e-02   5.34379225e-02]
1497.0 1:[ 51.479262    -1.042457     0.          51.483907    -1.08668      6.11242842
   6.11242842]
409.0 1:[ 51.450692   -1.04688     0.         51.450692   -1.04688     2.2841605
   2.2841605]
762.0 1:[ 51.47349     -1.049772     0.          51.438405    -1.082448
   5.24126601   5.24126601]
732.0 1:[ 51.412787    -0.946548     0.          51.43358     -1.076077
   7.46266802   7.46266802]
5073.0 1:[ 51.874748    0.352992    0.         51.52122    -0.105842   40.3437674
  40.3437674]
7497.0 1:[  53.796647     -1.548928      0.           55.100845     -1.591078
  105.08753877  105.08753877]
3082.0 1:[ 52.937595  -2.661578   0.        53.037048  -2.13985   28.087842
  28.087842]
12338.0 1:[  50.7192       -3.851838      0.           52.024387     -0.783635
  201.01171658  201.01171658]
2480.0 1:[ 54.11657     -1.575055     0.          53.991968    -1.542517
  15.37210192  15.37210192]
