1876.0 1:[ 50.889388    -1.319237     0.          50.811345    -0.772763
  28.93663505  28.93663505]
1219.0 1:[ 51.495       -0.84781      0.          51.434222    -0.903017
   6.45977491   6.45977491]
178.0 1:[ 51.472542    -0.859122     0.          51.467425    -0.856807
   0.76925754   0.76925754]
944.0 1:[ 53.514583    -2.24705      0.          53.490008    -2.244347
   2.29907341   2.29907341]
1789.0 1:[ 53.623872   -2.176908    1.         53.631097   -2.328608   10.1289718
  10.1289718]
276.0 1:[ 51.667757    -0.282962     1.          51.668355    -0.283425
   0.79659787   0.79659787]
1616.0 1:[ 51.654168    -0.277083     0.          51.654412    -0.277232
   7.25264456   7.25264456]
538.0 1:[ 51.66314    -0.287073    0.         51.662993   -0.287117    1.3092291
   1.3092291]
86.0 1:[ 51.54064     -1.02434      0.          51.536798    -1.024102
   0.25103396   0.25103396]
210.0 1:[ 53.873067    -1.66523      0.          53.8641      -1.672273
   0.90098823   0.90098823]
2572.0 1:[ 53.564328    -0.624802     0.          53.239592    -0.514472
  26.27903046  26.27903046]
447.0 1:[ 51.086707    -1.77538      1.          51.08672     -1.775393
   0.68661517   0.68661517]
653.0 1:[ 51.074028    -1.771742     0.          51.073953    -1.771428
   4.58447666   4.58447666]
2047.0 1:[ 54.573522    -5.991003     0.          54.630452    -5.77289     14.97318162
  14.97318162]
3128.0 1:[  5.11827430e+01  -2.57870000e-02   0.00000000e+00   5.11255370e+01
  -1.80280000e-02   4.74354768e+00   4.74354768e+00]
477.0 1:[ 51.277635    -0.209577     0.          51.271002    -0.211587
   1.34464726   1.34464726]
935.0 1:[ 53.037463    -2.169813     0.          53.003475    -2.131227
   5.94279408   5.94279408]
1370.0 1:[ 55.84752     -3.055127     0.          55.91131     -3.292013
  11.59043685  11.59043685]
608.0 1:[ 55.940807    -3.282327     0.          55.936312    -3.28558      1.19800366
   1.19800366]
1114.0 1:[ 55.841472    -3.040358     0.          55.906875    -3.13283      6.96619244
   6.96619244]
475.0 1:[ 51.4086      -0.21471      0.          51.393985    -0.206753
   2.17107095   2.17107095]
397.0 1:[ 51.291202   -0.749882    0.         51.276003   -0.748187    1.8442297
   1.8442297]
167.0 1:[ 50.120047    -5.207497     0.          50.123532    -5.208252
   0.25849042   0.25849042]
