1100.0 1:[ 50.971092     0.247363     1.          50.889582     0.320505
   8.49041597   8.49041597]
35.0 1:[  5.07320220e+01  -7.92620000e-01   0.00000000e+00   5.07320600e+01
  -7.91927000e-01   4.53600970e-02   4.53600970e-02]
456.0 1:[ 50.781283   -0.82563     0.         50.824147   -0.787445    3.9407361
   3.9407361]
324.0 1:[ 56.398292    -3.470227     0.          56.398292    -3.470227
   1.08864233   1.08864233]
1950.0 1:[ 51.637878  -0.468348   0.        51.760292  -0.339877  13.83048   13.83048 ]
902.0 1:[ 53.7237      -1.946313     0.          53.725452    -1.887448
   4.41546369   4.41546369]
3706.0 1:[ 51.134935     0.353207     1.          51.333138    -0.546032
  50.32671697  50.32671697]
1252.0 1:[ 51.350758    -0.194755     0.          51.350807    -0.19477      4.44528951
   4.44528951]
1722.0 1:[ 51.536837    -1.02411      0.          51.433332    -1.075953
  11.34499523  11.34499523]
1048.0 1:[ 51.530158    -0.8983       0.          51.536812    -1.024132
   7.66709914   7.66709914]
743.0 1:[ 52.779203    -0.175257     1.          52.789587    -0.156482
   1.49626183   1.49626183]
711.0 1:[  5.11827730e+01  -2.58050000e-02   1.00000000e+00   5.11265130e+01
  -1.12720000e-02   4.30796648e+00   4.30796648e+00]
907.0 1:[ 51.454637    -0.066952     0.          51.456053    -0.065815
   2.40781337   2.40781337]
690.0 1:[ 51.808488     0.136855     0.          51.808428     0.136813
   5.90426907   5.90426907]
638.0 1:[ 52.024397    -0.783608     0.          52.040765    -0.797803
   2.72533405   2.72533405]
143.0 1:[ 52.026998    -0.790443     0.          52.024377    -0.783598
   0.44987274   0.44987274]
648.0 1:[ 55.907435   -3.258825    0.         55.908535   -3.208917    2.8514724
   2.8514724]
342.0 1:[ 53.302597    -3.542953     0.          53.30508     -3.5245       1.00165036
   1.00165036]
