61.0 1:[ 50.889563     0.320518     1.          50.888493     0.319643
   0.16590611   0.16590611]
692.0 1:[ 51.37559    -0.966093    0.         51.327558   -1.002393    4.3290931
   4.3290931]
602.0 1:[ 56.398245   -3.470085    1.         56.448433   -3.46832     4.4949992
   4.4949992]
609.0 1:[ 51.946745    -0.277147     0.          51.981182    -0.229693
   0.87986161   0.87986161]
218.0 1:[ 52.043917    -0.355893     0.          51.987488    -0.232807
   0.74688817   0.74688817]
222.0 1:[ 51.402988    -0.748695     0.          51.402988    -0.748695
   0.22742186   0.22742186]
486.0 1:[ 53.808003    -2.22462      1.          53.835467    -2.209837
   2.15305118   2.15305118]
3465.0 1:[ 51.433818   -1.07573     0.         51.555028   -0.611192   26.0410453
  26.0410453]
764.0 1:[ 51.459358    -0.998543     0.          51.460398    -0.998093
   3.23610117   3.23610117]
433.0 1:[ 52.780178    -0.17529      1.          52.780178    -0.17529      1.42542551
   1.42542551]
2570.0 1:[ 53.222095    -0.530675     0.          53.564255    -0.624792
  27.31734172  27.31734172]
346.0 1:[ 51.072165    -1.809727     0.          51.072225    -1.809637
   0.92397896   0.92397896]
790.0 1:[ 51.074068    -1.771717     0.          51.074068    -1.771717
   1.73548974   1.73548974]
127.0 1:[ 53.001245    -2.127027     0.          53.003288    -2.130697
   0.31192834   0.31192834]
606.0 1:[ 51.522755    -0.71443      1.          51.521063    -0.752753
   1.99584427   1.99584427]
1571.0 1:[ 53.859962    -1.510922     0.          53.796867    -1.536878
   5.73463473   5.73463473]
884.0 1:[ 52.022915    -0.497262     0.          52.004955    -0.495683
   3.97429015   3.97429015]
218.0 1:[ 53.305432    -3.52472      0.          53.302585    -3.542847
   0.92894993   0.92894993]
344.0 1:[ 51.42085    -0.10638     1.         51.42085    -0.10638     1.3179283
   1.3179283]
1426.0 1:[ 53.66642     -1.514213     0.          53.5486      -1.516997
  16.09972759  16.09972759]
