884.0 1:[ 50.864557    0.258937    0.         50.889572    0.32049     4.1694007
   4.1694007]
405.0 1:[ 50.843907    -0.75668      0.          50.86693     -0.733585
   2.79182077   2.79182077]
903.0 1:[ 50.811378    -0.772717     0.          50.852977    -0.94569     10.00594031
  10.00594031]
1111.0 1:[ 51.426812   -0.936763    1.         51.384008   -0.899572    6.9929114
   6.9929114]
447.0 1:[ 52.401973    -0.742608     0.          52.401732    -0.742152
   0.11060407   0.11060407]
813.0 1:[ 52.375577    -0.720135     0.          52.331035    -0.616735
   6.84564642   6.84564642]
2697.0 1:[ 53.723665    -1.94616      0.          53.514595    -2.247032
  24.55410403  24.55410403]
994.0 1:[ 51.376815    -0.782305     1.          51.403052    -0.748698
   3.10437048   3.10437048]
466.0 1:[ 51.403208    -0.748743     0.          51.427017    -0.732018
   2.81667561   2.81667561]
33.0 1:[  5.11075020e+01  -1.04520200e+00   1.00000000e+00   5.11075880e+01
  -1.04516500e+00   3.72822715e-03   3.72822715e-03]
7086.0 1:[ 51.555143   -0.611218    0.         51.554998   -0.611217   57.6620039
  57.6620039]
1173.0 1:[ 51.42271     -0.979468     0.          51.447682    -0.991908
   6.64370079   6.64370079]
1120.0 1:[ 51.466533    -1.021375     0.          51.433525    -1.075558
   6.05588364   6.05588364]
40.0 1:[  5.14333080e+01  -1.07576500e+00   0.00000000e+00   5.14333780e+01
  -1.07570000e+00   4.34959835e-03   4.34959835e-03]
733.0 1:[ 53.564268    -0.62475      0.          53.564233    -0.624788
   3.66671141   3.66671141]
766.0 1:[ 51.063862    -1.778802     0.          51.063322    -1.782267
   3.63315736   3.63315736]
1450.0 1:[  5.11826250e+01  -2.54530000e-02   0.00000000e+00   5.11255100e+01
  -1.79620000e-02   6.73566372e+00   6.73566372e+00]
987.0 1:[  5.12589680e+01  -4.86000000e-03   0.00000000e+00   5.11827330e+01
  -2.58500000e-02   6.91151177e+00   6.91151177e+00]
663.0 1:[ 51.388093    -0.089578     1.          51.405888    -0.065948
   1.76717967   1.76717967]
333.0 1:[ 51.872355     0.364577     0.          51.872758     0.363773
   1.45649407   1.45649407]
188.0 1:[ 53.03767     -2.13862      1.          53.037112    -2.13965      0.87240515
   0.87240515]
976.0 1:[ 55.954487    -3.140082     0.          55.909032    -3.148077
   4.86533644   4.86533644]
2246.0 1:[ 51.344512    -0.133317     0.          51.40848     -0.214717
   9.16149686   9.16149686]
439.0 1:[ 51.306957    -0.750073     1.          51.275978    -0.748185
   2.39538595   2.39538595]
394.0 1:[ 51.286198    -0.747823     0.          51.27598     -0.74816      1.24087827
   1.24087827]
684.0 1:[ 51.249292    -0.207222     0.           0.           0.           1.34775412
   1.34775412]
263.0 1:[ 51.413462    -0.123873     1.          51.413483    -0.123258
   1.03520441   1.03520441]
