1150.0 1:[ 50.829628     0.356105     0.          50.864195     0.256718
  11.19213791  11.19213791]
10530.0 1:[  50.811375     -0.772315      0.           51.602477     -2.922928
  149.62431898  149.62431898]
440.0 1:[ 51.360932     1.412543     0.          51.36047      1.412712
   1.94737732   1.94737732]
866.0 1:[ 51.442142    -1.06068      0.          51.44192     -1.059892
   8.50905711   8.50905711]
1224.0 1:[ 51.467697    -0.905122     0.          51.467697    -0.905122
   8.02065935   8.02065935]
1017.0 1:[ 51.567187    -3.230997     0.          51.59192     -3.199123
   6.94941541   6.94941541]
2784.0 1:[ 53.631168    -2.328937     1.          53.862328    -2.119817
  23.31695399  23.31695399]
3560.0 1:[ 51.555035    -0.61092      0.          51.423313    -1.037198
  24.35775074  24.35775074]
439.0 1:[ 51.463373    -1.014617     0.          51.473535    -1.03478      2.30963672
   2.30963672]
414.0 1:[ 53.564248    -0.624863     0.          53.564233    -0.624782
   1.37571582   1.37571582]
1310.0 1:[ 51.074193    -1.771588     0.          51.091322    -1.775762
   5.62278792   5.62278792]
804.0 1:[ 51.078515    -1.802163     0.          51.074623    -1.772983
   2.63709934   2.63709934]
185.0 1:[ 52.896637    -1.339295     1.          52.896505    -1.339335
   1.07497216   1.07497216]
2460.0 1:[  5.11736950e+01  -6.60200000e-03   1.00000000e+00   5.12759650e+01
  -2.03452000e-01   1.74425107e+01   1.74425107e+01]
2490.0 1:[  5.11827230e+01  -2.53580000e-02   0.00000000e+00   5.12771970e+01
  -2.09807000e-01   1.74251123e+01   1.74251123e+01]
786.0 1:[ 51.783247     0.10742      0.          51.883632     0.175377
   8.94650243   8.94650243]
2515.0 1:[ 52.024123    -0.496573     1.          52.022837    -0.497222
  18.66474787  18.66474787]
1466.0 1:[ 55.958762    -3.123137     0.          55.841447    -3.040428
  13.04693092  13.04693092]
1377.0 1:[ 51.322973    -0.559515     0.          51.314853    -0.470908
   6.32307325   6.32307325]
373.0 1:[ 53.302573   -3.542912    0.         53.31179    -3.522408    1.3266275
   1.3266275]
734.0 1:[ 51.24934    -0.20698     0.         51.24943    -0.206977    2.1741778
   2.1741778]
7044.0 1:[  5.14058050e+01  -6.55730000e-02   0.00000000e+00   5.15101780e+01
  -2.15680700e+00   9.82487274e+01   9.82487274e+01]
