581.0 1:[ 50.856095    -1.241363     0.          50.865133    -1.239987
   2.05736002   2.05736002]
768.0 1:[ 51.434163    -0.902928     0.          51.435057    -0.873782
   5.42705599   5.42705599]
6192.0 1:[ 51.434253    -0.902905     0.          52.416008    -1.725307
  96.83821483  96.83821483]
783.0 1:[ 51.367073    -0.178673     1.          51.367082    -0.178737
   2.25806291   2.25806291]
841.0 1:[ 51.516933    -0.750025     0.          51.472288    -0.859462
   7.02397996   7.02397996]
140.0 1:[ 52.32607     -0.611292     0.          52.33105     -0.616763
   0.47907719   0.47907719]
729.0 1:[ 52.291007    -0.667497     0.          52.331075    -0.616763
   5.77813072   5.77813072]
416.0 1:[ 51.358247   -0.175898    0.         51.309527   -0.299565    0.6493329
   0.6493329]
1630.0 1:[ 53.723653    -1.946145     1.          53.732032    -1.717595
  11.47299769  11.47299769]
73.0 1:[ 53.726457    -1.854728     0.          53.72612     -1.856587
   0.17336256   0.17336256]
71.0 1:[  5.15628950e+01  -1.79566800e+00   1.00000000e+00   5.15628950e+01
  -1.79566800e+00   2.48548477e-03   2.48548477e-03]
1522.0 1:[ 51.987868    -0.232852     0.          52.023337    -0.252065
  11.01442575  11.01442575]
2022.0 1:[ 51.987902    -0.232997     0.          52.043942    -0.355822
  10.60867037  10.60867037]
487.0 1:[ 51.402905    -0.74864      0.          51.382535    -0.772808
   3.14289549   3.14289549]
254.0 1:[ 51.393332    -0.740708     0.          51.402962    -0.748587
   1.01718464   1.01718464]
34.0 1:[  5.14029780e+01  -7.48545000e-01   0.00000000e+00   5.14029470e+01
  -7.48638000e-01   6.21371192e-04   6.21371192e-04]
2204.0 1:[ 51.402942    -0.748565     0.          51.520083    -0.63575     17.91848107
  17.91848107]
2969.0 1:[ 53.862435    -2.119775     0.          53.878168    -2.381472
  19.18856379  19.18856379]
942.0 1:[ 53.48325     -2.257575     0.          53.48325     -2.257575
   2.27483993   2.27483993]
8290.0 1:[  5.14335880e+01  -1.07619800e+00   0.00000000e+00   5.20341220e+01
  -9.06680000e-02   1.22415717e+02   1.22415717e+02]
3657.0 1:[ 53.793523    -1.553932     0.          53.55799     -1.531925
  39.12774398  39.12774398]
1023.0 1:[ 51.519398    -0.870188     0.          51.527213    -0.892857
   3.03415553   3.03415553]
69.0 1:[  5.37472650e+01  -1.82112000e+00   0.00000000e+00   5.37474300e+01
  -1.82119300e+00   2.11266205e-02   2.11266205e-02]
490.0 1:[ 53.564272    -0.624803     0.          53.56428     -0.62478      0.77298576
   0.77298576]
1422.0 1:[ 51.19715     -1.820068     0.          51.078512    -1.772507
  11.47983278  11.47983278]
398.0 1:[ 51.083088    -1.777778     0.          51.083195    -1.777738
   2.14000239   2.14000239]
354.0 1:[  5.11826620e+01  -2.59300000e-02   0.00000000e+00   5.12144370e+01
  -5.14420000e-02   2.96829019e+00   2.96829019e+00]
1520.0 1:[ 53.038045    -2.170248     0.          53.00349     -2.131257
   7.92061859   7.92061859]
380.0 1:[ 51.533517    -0.750407     0.          51.523947    -0.727915
   2.11949714   2.11949714]
1528.0 1:[ 53.979437    -1.567658     0.          53.859792    -1.511123
  12.02539668  12.02539668]
719.0 1:[ 55.84148     -3.040442     0.          55.87094     -3.099967
   3.44488189   3.44488189]
1230.0 1:[ 51.276022    -0.74827      0.          51.354933    -0.604018
  11.44192913  11.44192913]
198.0 1:[  5.33027750e+01  -3.54315000e+00   0.00000000e+00   5.33027380e+01
  -3.54317300e+00   1.11846815e-02   1.11846815e-02]
