1030.0 1:[ 50.889525     0.269345     1.          50.786638     0.30269     10.23211942
  10.23211942]
1123.0 1:[ 50.889575     0.320515     0.          50.889603     0.320488
   5.80609242   5.80609242]
770.0 1:[ 50.811232    -0.772708     0.          50.841228    -0.774523
   3.76115983   3.76115983]
275.0 1:[ 50.811305    -0.772683     0.          50.802542    -0.808058
   2.27794679   2.27794679]
491.0 1:[ 51.355202    -0.17682      1.          51.366963    -0.178665
   1.19986777   1.19986777]
757.0 1:[ 52.330938    -0.616783     0.          52.291075    -0.667493
   6.50078541   6.50078541]
1738.0 1:[ 51.693398    -3.027982     0.          51.567268    -3.231013
  16.68133103  16.68133103]
1257.0 1:[ 52.043712    -0.355682     1.          52.043532    -0.355563
  10.44649248  10.44649248]
1473.0 1:[ 52.043913    -0.355743     1.          51.987825    -0.232977
  12.61321383  12.61321383]
429.0 1:[ 51.413365    -0.752963     0.          51.403237    -0.748738
   1.45649407   1.45649407]
12637.0 1:[  51.403208     -0.748698      0.           50.460223     -3.518928
  183.83577408  183.83577408]
672.0 1:[ 51.470005    -2.593155     0.          51.50092     -2.590562
   2.69675097   2.69675097]
597.0 1:[ 51.350823    -0.194673     0.          51.346433    -0.241007
   3.02794182   3.02794182]
186.0 1:[ 51.479282    -1.042392     0.          51.479672    -1.04174      0.84941442
   0.84941442]
2042.0 1:[ 51.479258    -1.042278     0.          51.434293    -1.07579      6.02792194
   6.02792194]
4899.0 1:[ 54.657568    -2.745732     0.          53.984098    -2.11713     64.77359719
  64.77359719]
1044.0 1:[ 53.715908    -1.801618     0.          53.697758    -1.78123      2.48610614
   2.48610614]
460.0 1:[ 51.075447    -1.801012     0.          51.074167    -1.771782
   2.00267935   2.00267935]
1082.0 1:[ 51.061263   -1.773685    0.         51.075118   -1.816382    6.0372425
   6.0372425]
1675.0 1:[ 51.8745       0.352988     0.          51.892002     0.26678     13.20289509
  13.20289509]
480.0 1:[ 51.874922     0.35314      0.          51.872547     0.356562
   2.13378867   2.13378867]
539.0 1:[ 51.521207    -0.75299      1.          51.522825    -0.714422
   2.05798139   2.05798139]
2240.0 1:[ 53.786983    -1.544552     0.          53.859848    -1.511148
   7.90819116   7.90819116]
530.0 1:[ 55.841447    -3.040182     1.          55.871243    -3.102325
   3.41940567   3.41940567]
770.0 1:[ 51.40769     -0.09417      1.          51.388635    -0.126308
   1.88772568   1.88772568]
200.0 1:[ 53.666407    -1.514213     0.          53.667237    -1.51438      0.71768373
   0.71768373]
217.0 1:[ 53.677508    -1.515513     0.          53.675677    -1.517487
   1.14829396   1.14829396]
