697.0 1:[ 50.88951      0.320257     0.          50.889538     0.320487
   4.13211843   4.13211843]
1632.0 1:[ 50.86767     -1.224838     0.          50.811357    -0.772758
  23.11438698  23.11438698]
1066.0 1:[ 51.434343    -0.902568     0.          51.475413    -0.864048
   5.42954148   5.42954148]
831.0 1:[ 51.434282    -0.902953     0.          51.434282    -0.902953
   5.40406526   5.40406526]
1154.0 1:[ 51.639883    -0.47203      0.          51.69859     -0.4262       6.26901396
   6.26901396]
560.0 1:[ 56.41922     -3.475847     1.          56.398267    -3.470208
   2.61597272   2.61597272]
219.0 1:[ 52.331015    -0.616678     0.          52.324895    -0.614235
   0.68661517   0.68661517]
750.0 1:[ 51.339033    -0.26668      0.          51.33912     -0.266767
   2.93970711   2.93970711]
2285.0 1:[ 53.731845    -1.717647     1.          53.723595    -1.946193
  11.31206255  11.31206255]
1092.0 1:[ 51.56738    -3.230623    1.         51.585147   -3.224055    8.8371411
   8.8371411]
1509.0 1:[ 51.987753    -0.232937     0.          52.043888    -0.355645
  11.96823053  11.96823053]
248.0 1:[ 51.673255   -0.27572     1.         51.671308   -0.276305    1.2122952
   1.2122952]
329.0 1:[ 51.618402    -0.765258     0.          51.618223    -0.765212
   1.52484491   1.52484491]
2224.0 1:[ 53.698278    -1.77844      0.          53.751763    -1.818737
   5.05734013   5.05734013]
3017.0 1:[ 53.222015    -0.530567     0.          53.564252    -0.624712
  27.29372962  27.29372962]
1268.0 1:[ 51.07404     -1.771775     0.          51.061263    -1.773685
   2.14062376   2.14062376]
269.0 1:[ 54.575363    -5.982128     0.          54.572605    -6.007128
   1.12654597   1.12654597]
111.0 1:[  5.11760230e+01  -2.37730000e-02   0.00000000e+00   5.11828170e+01
  -2.58680000e-02   5.30650998e-01   5.30650998e-01]
409.0 1:[ 51.533538    -0.750375     0.          51.523862    -0.72793      2.13503142
   2.13503142]
234.0 1:[ 52.022902    -0.497133     0.          52.023112    -0.49738      0.77236439
   0.77236439]
752.0 1:[ 55.841412    -3.040642     0.          55.870905    -3.100197
   3.43059035   3.43059035]
496.0 1:[ 55.84155     -3.040495     0.          55.871198    -3.102268
   3.44177503   3.44177503]
610.0 1:[ 55.871302    -3.102295     0.          55.841492    -3.040383
   3.47470771   3.47470771]
1029.0 1:[ 53.66617     -1.514255     0.          53.671992    -1.503812
   3.36658912   3.36658912]
