1264.0 1:[ 50.780277     0.251473     1.          50.863013     0.25819      6.30070389
   6.30070389]
1192.0 1:[ 50.889583     0.320433     0.          50.785047     0.307392
   9.67537083   9.67537083]
766.0 1:[ 51.438763    -0.89991      0.          51.434367    -0.902992
   4.62362304   4.62362304]
1258.0 1:[ 51.457457    -0.944088     0.          51.472517    -0.859177
   5.38356001   5.38356001]
528.0 1:[ 52.291212    -0.667732     0.          52.330888    -0.616633
   5.77813072   5.77813072]
738.0 1:[ 53.714492    -1.878072     0.          53.723613    -1.946213
   3.46538714   3.46538714]
488.0 1:[ 51.427355    -0.732058     0.          51.403087    -0.748687
   3.12176887   3.12176887]
1789.0 1:[ 53.862112    -2.121092     1.          53.690925    -2.326922
  18.82630438  18.82630438]
231.0 1:[ 51.673142    -0.276067     1.          51.671688    -0.27693      1.04887457
   1.04887457]
227.0 1:[ 52.779413    -0.175157     0.          52.787388    -0.153532
   1.24274238   1.24274238]
3473.0 1:[ 53.863592    -1.672822     0.          53.715897    -1.801632
  18.74739024  18.74739024]
529.0 1:[ 51.067307    -1.79407      0.          51.074107    -1.77174      1.53727233
   1.53727233]
27.0 1:[ 54.52616     -6.002433     0.          54.525407    -6.003183
   0.06400123   0.06400123]
1241.0 1:[ 55.10075     -1.591118     0.          55.10076     -1.59116      7.48628012
   7.48628012]
753.0 1:[ 51.461668    -1.00071      0.          51.456025    -0.968927
   2.43204685   2.43204685]
54.0 1:[  5.27665000e+01  -1.20444000e+00   0.00000000e+00   5.27668330e+01
  -1.20479500e+00   2.67189613e-02   2.67189613e-02]
1480.0 1:[ 51.906153    -0.41501      0.          52.028112    -0.499017
  12.81080987  12.81080987]
271.0 1:[ 52.022943    -0.497135     0.          52.022908    -0.497113
   0.69966396   0.69966396]
949.0 1:[ 55.955092    -3.147218     1.          55.942812    -3.184657
   2.19903265   2.19903265]
688.0 1:[ 55.968648    -3.141792     1.          55.938252    -3.104832
   3.16526485   3.16526485]
1275.0 1:[ 53.32486     -3.833837     0.          53.302768    -3.54311     15.10864054
  15.10864054]
