2850.0 1:[ 50.889598     0.320485     0.          50.786658     0.304872
  24.07689096  24.07689096]
664.0 1:[ 50.833995    -0.800477     0.          50.811305    -0.772683
   3.62383679   3.62383679]
1777.0 1:[ 51.515833    -0.590785     0.          51.43741     -0.871157
  16.60365963  16.60365963]
1523.0 1:[ 51.947228    -0.273017     0.          51.716998    -0.278223
  20.60653285  20.60653285]
2352.0 1:[ 55.983145    -3.398198     1.          56.398223    -3.470152
  34.30714627  34.30714627]
1346.0 1:[ 51.47247     -0.85914      0.          51.472525    -0.85915      4.69321661
   4.69321661]
1790.0 1:[ 52.33094     -0.616215     0.          52.402627    -0.74274     11.06102859
  11.06102859]
905.0 1:[  0.          0.          0.         52.291058   -0.667607    6.5678935
   6.5678935]
138.0 1:[ 53.732172    -1.717498     1.          53.735718    -1.720982
   0.58533166   0.58533166]
862.0 1:[ 53.731958    -1.71749      0.          53.745512    -1.645343
   5.47738706   5.47738706]
1979.0 1:[ 51.424338    -0.931897     0.          51.403157    -0.748725
  12.19875925  12.19875925]
1088.0 1:[ 50.48434     -3.54688      0.          50.562428    -3.597558
   8.02128072   8.02128072]
1730.0 1:[ 51.418858    -0.777705     0.          51.51769     -0.729205
   9.90714229   9.90714229]
2206.0 1:[ 53.62271     -2.188947     0.          53.78665     -2.250272
  18.57278494  18.57278494]
1811.0 1:[ 51.638277    -0.465653     0.          51.555028    -0.61112     17.43381154
  17.43381154]
1142.0 1:[ 51.4792      -1.042438     0.          51.433425    -1.075692
   6.04532033   6.04532033]
1218.0 1:[ 51.461343    -1.012598     0.          51.47608     -0.967053
   3.16588622   3.16588622]
131.0 1:[ 51.536757   -1.024125    0.         51.53117    -1.024158    0.4442804
   0.4442804]
667.0 1:[ 51.43346     -1.0761       0.          51.48565     -1.083603
   4.75348962   4.75348962]
496.0 1:[ 53.715983    -1.801773     0.          53.698398    -1.778453
   1.88710431   1.88710431]
321.0 1:[ 54.640728    -2.656082     0.          54.637432    -2.654225
   0.54245705   0.54245705]
577.0 1:[ 53.907433    -1.674988     0.          53.891563    -1.688228
   3.18452736   3.18452736]
637.0 1:[ 51.075142    -1.816473     0.          51.075312    -1.815045
   3.05901038   3.05901038]
1456.0 1:[  5.12771030e+01  -2.09737000e-01   0.00000000e+00   5.11826420e+01
  -2.58180000e-02   1.39230643e+01   1.39230643e+01]
4724.0 1:[ 51.488667    -0.38873      0.          51.405853    -0.065818
  18.04213394  18.04213394]
1577.0 1:[ 51.533553    -0.750303     0.          51.520783    -0.645778
   9.54923248   9.54923248]
467.0 1:[ 52.024388    -0.783682     0.          52.038103    -0.777642
   2.12260399   2.12260399]
474.0 1:[ 52.039057    -0.688437     0.          52.04505     -0.75403      3.70337231
   3.70337231]
1697.0 1:[ 55.934008    -3.144518     0.          55.871283    -3.102202
   7.16130299   7.16130299]
10025.0 1:[  51.510217     -2.156742      0.           50.359512     -4.507478
  157.12489064  157.12489064]
