669.0 1:[ 50.889482     0.320517     1.          50.88952      0.320502
   2.95399865   2.95399865]
795.0 1:[ 50.889517     0.32047      0.          50.859742     0.253798
   4.11720552   4.11720552]
558.0 1:[ 50.889528     0.320525     0.          50.864557     0.258948
   3.64061382   3.64061382]
91.0 1:[ 50.889578     0.320503     0.          50.887775     0.31949      0.19511055
   0.19511055]
334.0 1:[ 51.343472     1.414667     0.          51.343472     1.414667
   1.21726617   1.21726617]
319.0 1:[ 51.423275    -0.933972     1.          51.423275    -0.933972
   1.70939215   1.70939215]
1111.0 1:[ 51.433542    -0.903708     0.          51.475422    -0.864075
   5.42892011   5.42892011]
981.0 1:[ 51.43462     -0.9029       0.          51.43462     -0.9029       5.17291518
   5.17291518]
965.0 1:[ 51.65298     -0.386298     0.          51.69859     -0.426172
   6.23483854   6.23483854]
1816.0 1:[ 51.750493    -0.225747     0.          51.69861     -0.426217
  15.93257874  15.93257874]
344.0 1:[ 56.398287    -3.47021      0.          56.40817     -3.469335
   1.30674362   1.30674362]
1810.0 1:[ 51.367152    -0.178617     1.          51.348023    -0.138745
   5.32639386   5.32639386]
569.0 1:[ 51.36711     -0.178775     1.          51.353113    -0.186997
   1.34216178   1.34216178]
408.0 1:[ 51.47239     -0.85902      0.          51.490603    -0.871668
   1.64228406   1.64228406]
338.0 1:[ 51.453153    -0.907003     0.          51.474733    -0.890853
   2.08159349   2.08159349]
315.0 1:[ 53.723637    -1.946077     0.          53.709998    -1.909552
   2.03561203   2.03561203]
2654.0 1:[ 53.723613    -1.946082     0.          53.732087    -1.71756     10.93861847
  10.93861847]
617.0 1:[ 51.986143    -0.185698     0.          51.987795    -0.232905
   3.00619383   3.00619383]
417.0 1:[ 51.403063    -0.748715     0.          51.403125    -0.748688
   1.29120934   1.29120934]
638.0 1:[ 51.560825     0.079997     0.          51.570762     0.098022
   1.60624453   1.60624453]
1814.0 1:[ 51.51776     -0.729495     0.          51.418772    -0.777877
  13.44150163  13.44150163]
1513.0 1:[ 51.517695    -0.729222     0.          51.426925    -0.732123
   8.22198362   8.22198362]
1399.0 1:[ 51.460778    -0.994162     0.          51.47319     -1.034095
   3.58531178   3.58531178]
980.0 1:[ 51.433413    -1.075655     0.          51.473245    -1.050367
   6.58839875   6.58839875]
1313.0 1:[ 53.564235    -0.624775     1.          53.564267    -0.62476      5.43140559
   5.43140559]
750.0 1:[ 51.075435    -1.810058     1.          51.062453    -1.77423      3.18390599
   3.18390599]
628.0 1:[ 51.071107    -1.79238      0.          51.071645    -1.79239      3.10002088
   3.10002088]
661.0 1:[ 51.075072    -1.81639      0.          51.07526     -1.815112
   3.08510797   3.08510797]
613.0 1:[ 51.074532    -1.771757     0.          51.075078    -1.816473
   2.88751193   2.88751193]
4878.0 1:[ 51.637937    -0.467853     0.          51.869337     0.330977
  54.18481071  54.18481071]
900.0 1:[ 53.038247    -2.171        1.          53.033092    -2.169807
   3.43431858   3.43431858]
281.0 1:[ 51.533453    -0.75009      0.          51.537188    -0.733355
   1.17625567   1.17625567]
1044.0 1:[ 53.84321     -1.549598     0.          53.859797    -1.511152
   5.40406526   5.40406526]
113.0 1:[ 52.016113    -0.501282     0.          52.021518    -0.498063
   0.44179492   0.44179492]
2439.0 1:[ 51.440578    -0.099138     0.          51.406362    -0.216362
   6.74001332   6.74001332]
1149.0 1:[ 51.40868     -0.214642     0.          51.414275    -0.182802
   1.77277201   1.77277201]
1229.0 1:[ 51.35777     -0.696185     1.          51.275975    -0.748198
   7.39245307   7.39245307]
3337.0 1:[ 53.302665  -3.54323    0.        53.056615  -3.008255  41.163356
  41.163356]
