905.0 1:[ 50.889595     0.320497     1.          50.889595     0.320497
   3.72449893   3.72449893]
125.0 1:[ 50.842512    -0.757598     0.          50.844157    -0.75561      0.26905373
   0.26905373]
1052.0 1:[ 56.475057    -3.04966      0.          56.4733      -2.960695
   4.70315855   4.70315855]
437.0 1:[ 51.472528    -0.859108     0.          51.479063    -0.865873
   0.84382208   0.84382208]
1305.0 1:[ 52.398107    -0.73333      0.          52.326052    -0.61125      8.31208244
   8.31208244]
5524.0 1:[ 51.511262    -1.768938     1.          51.567253    -3.23098     72.99868766
  72.99868766]
2350.0 1:[ 51.409468    -0.831983     1.          51.562812    -0.495223
  27.31920584  27.31920584]
327.0 1:[ 51.382662    -0.773303     0.          51.40302     -0.748583
   2.29223833   2.29223833]
337.0 1:[ 51.382672    -0.772937     0.          51.386512    -0.772227
   2.27794679   2.27794679]
706.0 1:[ 51.569115     0.147095     0.           0.           0.           0.43806669
   0.43806669]
1995.0 1:[ 51.418672    -0.77795      0.          51.517735    -0.728783
   9.85929671   9.85929671]
2800.0 1:[ 51.517768    -0.324172     1.          51.61991     -0.251133
  16.05995983  16.05995983]
1123.0 1:[ 51.527215    -0.892865     0.          51.536825    -1.024138
   8.24745983   8.24745983]
1014.0 1:[ 51.34204     -0.824503     1.          51.412753    -0.946423
   9.50822198   9.50822198]
370.0 1:[ 51.403653    -0.944038     0.          51.412763    -0.946435
   1.04638909   1.04638909]
2511.0 1:[ 53.56432     -0.624722     0.          53.222022    -0.530623
  27.18001869  27.18001869]
504.0 1:[ 51.074125    -1.771583     0.          51.067438    -1.793822
   1.72057683   1.72057683]
846.0 1:[ 53.03101     -2.191873     1.          53.037542    -2.169935
   2.14870158   2.14870158]
616.0 1:[ 53.30274     -3.543107     0.          53.302725    -3.543085
   1.95731926   1.95731926]
193.0 1:[ 53.300905    -3.543152     0.          53.302735    -3.543173
   0.32373439   0.32373439]
376.0 1:[ 51.414435    -0.123217     1.          51.414435    -0.123217
   0.99605802   0.99605802]
