779.0 1:[ 50.8442      -0.757058     0.          50.823747    -0.74936      1.79762686
   1.79762686]
610.0 1:[ 50.811515    -0.772428     0.          50.841387    -0.774862
   3.98982443   3.98982443]
76.0 1:[ 50.835065    -0.799297     0.          50.835063    -0.796985
   0.16342062   0.16342062]
65.0 1:[ 50.84139     -0.774613     0.          50.84104     -0.774167
   0.16155651   0.16155651]
1810.0 1:[ 51.000463    -1.321255     0.          51.296583    -0.856683
  31.18662014  31.18662014]
4281.0 1:[ 56.39822   -3.470067   1.        55.880985  -3.168378  48.445205
  48.445205]
658.0 1:[ 56.398232    -3.470182     0.          56.394318    -3.426412
   1.77836435   1.77836435]
4109.0 1:[ 51.760207    -0.33917      0.          51.637957    -0.468472
  13.79195498  13.79195498]
1582.0 1:[ 51.308818    -0.302075     0.          51.356533    -0.493195
  18.79958542  18.79958542]
972.0 1:[  5.37320720e+01  -1.71755000e+00   0.00000000e+00   5.37320380e+01
  -1.71759500e+00   5.59234073e-03   5.59234073e-03]
618.0 1:[ 51.987757    -0.232822     0.          51.987913    -0.232863
   1.31482144   1.31482144]
319.0 1:[ 51.393123    -0.741138     0.          51.403107    -0.748697
   0.98487334   0.98487334]
431.0 1:[ 51.415225    -0.753127     0.          51.418772    -0.77787      1.64849777
   1.64849777]
487.0 1:[ 51.42684     -0.732502     0.          51.418745    -0.777887
   3.06335998   3.06335998]
1491.0 1:[ 51.517827    -0.728813     0.          51.414772    -0.746315
   8.70043943   8.70043943]
673.0 1:[ 53.82915     -2.234117     0.          53.860098    -2.16698      4.01965024
   4.01965024]
2524.0 1:[ 51.590573    -0.628112     0.          51.946978    -0.502513
  35.75742663  35.75742663]
3330.0 1:[ 51.467698    -0.217258     0.          51.579293    -0.763295
  31.53458801  31.53458801]
3678.0 1:[ 51.536945    -1.023998     0.          51.536802    -1.024117
  28.99877217  28.99877217]
400.0 1:[ 51.679872    -1.264395     1.          51.672205    -1.278552
   1.90947367   1.90947367]
2093.992 1:[  0.           0.           0.          51.433253    -1.076253
  29.30759365  29.30759365]
1222.0 1:[ 53.564238    -0.624753     1.          53.564252    -0.624782
   4.03642726   4.03642726]
1049.0 1:[ 53.564205    -0.624792     1.          53.564287    -0.62477      4.26198501
   4.26198501]
881.0 1:[ 53.562542    -0.613817     0.          53.564258    -0.624777
   4.38190965   4.38190965]
645.0 1:[ 53.564217    -0.624998     0.          53.56082     -0.638548
   0.72203333   0.72203333]
1664.927 1:[  0.           0.           0.          51.42765     -0.97861     19.04626978
  19.04626978]
1259.0 1:[ 53.797807    -1.537097     0.          53.859818    -1.511113
   5.95460014   5.95460014]
2145.0 1:[ 51.31473     -0.745627     0.          51.275983    -0.748192
   8.96514356   8.96514356]
928.0 1:[ 51.408782    -0.094687     1.          51.394168    -0.110173
   2.73216913   2.73216913]
3221.0 1:[ 51.446138    -0.191342     0.          51.405907    -0.065938
   7.86158832   7.86158832]
692.0 1:[ 53.671827    -1.503635     0.          53.678298    -1.497283
   1.52173805   1.52173805]
