8431.0 1:[  52.219098     -1.501885      0.           50.811408     -0.77277
  135.24889644  135.24889644]
411.0 1:[ 52.331028   -0.61666     0.         52.299598   -0.614347    3.3821234
   3.3821234]
285.0 1:[ 53.723348   -1.852043    1.         53.726303   -1.8564      0.6642458
   0.6642458]
235.0 1:[ 53.732043    -1.717593     0.          53.725047    -1.715698
   0.88483258   0.88483258]
836.0 1:[ 51.391462    -0.75128      1.          51.427263    -0.731672
   4.71061501   4.71061501]
1523.0 1:[ 51.403113    -0.748345     0.          51.40314     -0.847593
   7.92931778   7.92931778]
52.0 1:[  5.14031200e+01  -7.48715000e-01   0.00000000e+00   5.14029880e+01
  -7.48608000e-01   1.73983934e-02   1.73983934e-02]
7617.0 1:[ 51.40322     -0.748693     0.          51.509377    -2.163113
  80.69002028  80.69002028]
219.0 1:[ 51.569282     0.147292     0.           0.           0.           0.59465223
   0.59465223]
3501.0 1:[ 51.216915    -0.805207     0.          51.418763    -0.777872
  20.58105663  20.58105663]
221.0 1:[ 53.808015    -2.224553     1.          53.813613    -2.230203
   0.66797403   0.66797403]
447.0 1:[ 51.48363    -1.085843    0.         51.483767   -1.085888    2.1741778
   2.1741778]
1804.0 1:[ 51.536795    -1.024098     0.          51.53684     -1.024102
  13.88329655  13.88329655]
1124.0 1:[ 53.759462    -1.894602     0.          53.715883    -1.801645
   6.20936232   6.20936232]
818.0 1:[ 53.698152    -1.778028     0.          53.713002    -1.794525
   2.00702895   2.00702895]
73.0 1:[ 53.565955    -0.62446      1.          53.564188    -0.624708
   0.21188758   0.21188758]
360.0 1:[ 53.564242    -0.624833     0.          53.567367    -0.641163
   1.01283504   1.01283504]
749.0 1:[ 51.074142    -1.799772     1.          51.0776      -1.79932      2.63834208
   2.63834208]
2098.0 1:[ 54.590675    -5.922022     0.          54.57263     -6.00713      4.89516225
   4.89516225]
3750.0 1:[ 51.358847     0.126557     0.          51.381582    -0.124465
  16.18050585  16.18050585]
473.0 1:[ 51.406158    -0.06565      1.          51.406343    -0.068177
   1.40492027   1.40492027]
1322.0 1:[ 51.487623   -0.63664     0.         51.533415   -0.750038    7.7025173
   7.7025173]
1852.0 1:[ 50.41892     -5.092205     0.          50.48121     -5.032067
   7.74601328   7.74601328]
43.0 1:[ 53.302725    -3.543085     0.          53.30202     -3.539647
   0.12551698   0.12551698]
