1267.0 1:[ 50.804012    -0.825322     0.          50.833695    -0.777668
   3.92706593   3.92706593]
514.0 1:[ 51.69859     -0.426185     0.          51.708745    -0.438688
   1.33408395   1.33408395]
446.0 1:[ 51.367082    -0.178673     1.          51.368335    -0.157118
   1.47513521   1.47513521]
1102.0 1:[ 51.472392    -0.858883     0.          51.472517    -0.859163
   3.73071264   3.73071264]
3196.0 1:[ 50.840338     0.476162     1.          51.134937     0.353225
  29.57354052  29.57354052]
162.0 1:[ 51.402658    -0.837502     1.          51.40339     -0.847988
   0.69220751   0.69220751]
636.0 1:[ 51.35067     -0.194863     1.          51.315832    -0.164268
   3.75867434   3.75867434]
1275.0 1:[ 51.35101     -0.194678     0.          51.350768    -0.19442      2.88689056
   2.88689056]
241.0 1:[ 53.844713    -1.688403     0.          53.841425    -1.701532
   0.63814821   0.63814821]
488.0 1:[ 51.41468     -0.746285     0.          51.418743    -0.777863
   2.04803945   2.04803945]
2179.0 1:[ 51.670118    -1.281213     0.          51.479217    -1.042413
  21.98224867  21.98224867]
1186.0 1:[ 51.444138    -0.977665     0.          51.447782    -0.977202
   6.47406645   6.47406645]
262.0 1:[ 51.673538    -0.275108     1.          51.67132     -0.276687
   1.09423467   1.09423467]
1428.0 1:[ 51.617668    -0.277282     0.          51.633285    -0.253483
   7.69008988   7.69008988]
1114.0 1:[ 53.568057    -0.643725     1.          53.562562    -0.613845
   2.69799372   2.69799372]
533.0 1:[ 51.06259     -1.778643     0.          51.074108    -1.771712
   2.02629146   2.02629146]
619.0 1:[ 52.89609     -1.268662     1.          52.896563    -1.339405
   3.16029388   3.16029388]
4947.0 1:[  5.18720880e+01   3.64435000e-01   0.00000000e+00   5.15171820e+01
   2.30650000e-02   4.11782689e+01   4.11782689e+01]
198.0 1:[  5.15988170e+01   2.56200000e-03   0.00000000e+00   5.15988170e+01
   2.56200000e-03   9.22736220e-01   9.22736220e-01]
143.0 1:[ 55.08663     -1.585905     0.          55.083515    -1.58732      0.39270659
   0.39270659]
545.0 1:[ 51.346955   -0.712728    0.         51.351842   -0.662878    3.3367633
   3.3367633]
368.0 1:[ 53.302605    -3.543087     0.          53.30272     -3.543073
   0.65243975   0.65243975]
