655.0 1:[ 50.861108     0.245502     1.          50.889573     0.320465
   5.68865326   5.68865326]
1711.0 1:[ 50.96628      0.277642     1.          50.78653      0.302575
  15.77350771  15.77350771]
1093.0 1:[ 50.79904   -0.666445   1.        50.811365  -0.772772   6.975513
   6.975513]
357.0 1:[ 50.811472    -0.772878     0.          50.832047    -0.75648      2.32144277
   2.32144277]
1259.0 1:[ 51.404038   -1.030587    1.         51.434233   -0.902948    9.3180824
   9.3180824]
2084.0 1:[ 51.424405    -0.981323     1.          51.430675    -0.986512
   6.36905472   6.36905472]
775.0 1:[ 51.434307    -0.902993     0.          51.475412    -0.864425
   5.45315358   5.45315358]
2215.0 1:[ 52.331062    -0.616813     0.          52.402945    -0.743863
  10.33650978  10.33650978]
94.0 1:[  5.13089200e+01  -3.02677000e-01   0.00000000e+00   5.13087330e+01
  -3.02503000e-01   2.79617037e-02   2.79617037e-02]
715.0 1:[ 53.489925    -2.24428      0.          53.51477     -2.246973
   2.06170962   2.06170962]
1157.0 1:[ 50.853723     0.455957     0.          50.855432     0.47334      4.46952299
   4.46952299]
3586.0 1:[ 53.590197    -2.168863     0.          53.86234     -2.119902
  30.18186292  30.18186292]
2101.0 1:[ 53.395588    -2.9878       0.          53.417077    -2.639327
  16.21716675  16.21716675]
2284.0 1:[ 51.637857    -0.467738     0.          51.555032    -0.611148
  12.18757456  12.18757456]
731.0 1:[ 51.459137    -0.997987     0.          51.4812      -1.045537
   5.28103376   5.28103376]
583.0 1:[ 51.517398    -0.981907     0.          51.536825    -1.024108
   3.33552056   3.33552056]
1135.0 1:[ 51.415735    -0.786605     0.          51.433312    -1.075982
  14.20205997  14.20205997]
3738.0 1:[ 51.536833    -1.024118     0.          51.53682     -1.024138
  29.21065975  29.21065975]
494.0 1:[ 53.698492    -1.777885     0.          53.715913    -1.80164      1.74108208
   1.74108208]
438.0 1:[ 51.078578    -1.802087     0.          51.074362    -1.771797
   1.78333532   1.78333532]
414.0 1:[ 51.091253    -1.773522     0.          51.091308    -1.773533
   1.17439155   1.17439155]
1440.0 1:[ 54.599142    -5.935653     0.          54.575808    -6.005613
   4.10291398   4.10291398]
247.0 1:[ 51.786438     0.12459      0.          51.785293     0.124283
   1.06254474   1.06254474]
6096.0 1:[ 51.485607    -0.135462     0.          51.871988     0.364397
  41.75303726  41.75303726]
546.0 1:[ 51.585855    -0.767107     0.          51.533517    -0.75038      5.28165513
   5.28165513]
2998.0 1:[ 52.024332  -0.78366    1.        51.869657  -0.53707   18.398801
  18.398801]
2021.0 1:[ 55.946407    -3.058395     0.          55.962657    -2.459102
  25.08226955  25.08226955]
505.0 1:[ 51.275988    -0.748147     1.          51.29281     -0.732        2.49666945
   2.49666945]
2103.0 1:[ 51.27602     -0.748022     0.          51.351793    -0.662913
  11.15920524  11.15920524]
333.0 1:[ 53.305012    -3.524323     0.          53.30275     -3.543113
   0.99046568   0.99046568]
