8932.0 1:[  50.84997      -0.617553      0.           52.008718     -0.730798
  110.84205738  110.84205738]
859.0 1:[ 51.434223    -0.902918     0.          51.475438    -0.863997
   5.38915235   5.38915235]
1488.0 1:[ 52.375728    -0.719998     0.          52.29397     -0.6838       6.93388113
   6.93388113]
403.0 1:[ 51.984065    -0.202902     1.          51.983943    -0.202495
   1.89580351   1.89580351]
560.0 1:[ 51.35076     -0.194675     0.          51.367655    -0.157895
   2.62902151   2.62902151]
1738.0 1:[ 51.41867     -0.777402     0.          51.517762    -0.728892
  13.91747196  13.91747196]
1649.0 1:[ 51.418985   -0.777342    0.         51.517775   -0.72881     9.9220552
   9.9220552]
143.0 1:[ 51.531113    -1.024027     0.          51.536805    -1.024132
   0.45360097   0.45360097]
336.0 1:[ 52.779218    -0.175333     1.          52.779218    -0.175333
   1.49750457   1.49750457]
303.0 1:[ 54.571575    -6.002458     0.          54.572625    -6.007148
   0.62634216   0.62634216]
765.0 1:[  5.12583050e+01  -4.15300000e-03   1.00000000e+00   5.11827480e+01
  -2.58400000e-02   6.72012944e+00   6.72012944e+00]
2799.0 1:[  5.11827600e+01  -2.53680000e-02   0.00000000e+00   5.12773080e+01
  -2.09873000e-01   1.72890321e+01   1.72890321e+01]
205.0 1:[ 51.401323    -0.071885     0.          51.399692    -0.074485
   0.69904259   0.69904259]
7573.0 1:[ 51.424707    -0.889278     0.          51.689433     0.136055
  94.71374672  94.71374672]
128.0 1:[ 55.84116     -3.048002     1.          55.841488    -3.040422
   0.44676589   0.44676589]
652.0 1:[ 55.870905    -3.100197     0.          55.841447    -3.040412
   3.42375527   3.42375527]
1650.0 1:[ 55.958502    -3.12251      0.          55.971848    -3.244638
   6.28268412   6.28268412]
416.0 1:[ 51.266328    -0.720692     1.          51.276008    -0.748202
   2.09029269   2.09029269]
