3576.0 1:[ 51.43344     -1.076005     0.          51.760248    -0.339832
  51.38988308  51.38988308]
453.0 1:[ 52.299705   -0.614298    0.         52.324853   -0.614333    3.0670882
   3.0670882]
653.0 1:[ 53.71465     -1.87825      1.          53.723602    -1.946213
   3.44363915   3.44363915]
237.0 1:[ 51.888358    -0.186423     0.           0.           0.           1.02836932
   1.02836932]
1347.0 1:[ 51.403167    -0.74873      0.          51.403528    -0.848077
   5.82100533   5.82100533]
1679.0 1:[ 51.520058    -0.63579      0.          51.551092    -0.534065
   6.71577985   6.71577985]
1209.0 1:[ 51.403093    -0.748497     0.          51.403022    -0.837297
   5.29346119   5.29346119]
786.0 1:[ 51.35077     -0.194693     0.          51.350423    -0.195687
   2.69302275   2.69302275]
565.0 1:[ 53.85765     -1.6789       0.          53.844822    -1.688623
   2.38109441   2.38109441]
1434.0 1:[ 51.517558    -0.728763     0.          51.418765    -0.77785     13.36072338
  13.36072338]
5064.0 1:[ 51.418685    -0.777933     0.          51.418753    -0.777872
  44.06578084  44.06578084]
1558.0 1:[ 53.690735    -2.326992     0.          53.862425    -2.119907
  18.69519506  18.69519506]
2305.0 1:[ 51.479378    -1.042505     0.          51.590358    -1.278132
  22.16555317  22.16555317]
604.0 1:[ 52.779132    -0.175432     1.          52.808037    -0.143683
   3.24169351   3.24169351]
702.0 1:[ 51.66929     -1.306665     1.          51.668797    -1.306782
   4.14392448   4.14392448]
883.0 1:[ 53.6973      -1.774683     0.          53.715103    -1.787522
   1.59257437   1.59257437]
3223.0 1:[ 53.222007    -0.530583     0.          53.564258    -0.624772
  27.29807922  27.29807922]
517.0 1:[ 53.564808   -0.617767    0.         53.56633    -0.641515    1.7019357
   1.7019357]
1085.0 1:[ 51.040733    -1.722893     0.          51.07516     -1.815987
   6.28206275   6.28206275]
3514.0 1:[  5.15512270e+01  -1.87580000e-02   0.00000000e+00   5.18748150e+01
   3.52877000e-01   3.51161716e+01   3.51161716e+01]
202.0 1:[ 51.688553   -0.130858    0.         51.637937   -0.467853    0.0733218
   0.0733218]
511.0 1:[ 51.521083    -0.752738     1.          51.518208    -0.716725
   2.04803945   2.04803945]
522.0 1:[ 51.518192    -0.71674      1.          51.522777    -0.71441      0.80591844
   0.80591844]
584.0 1:[ 55.871218    -3.102212     1.          55.841225    -3.047938
   3.27400481   3.27400481]
1917.0 1:[ 53.302742   -3.542967    0.         53.324715   -3.833737   16.1146405
  16.1146405]
1561.0 1:[ 53.666312    -1.514233     0.          53.563763    -1.494677
  10.39305456  10.39305456]
