910.0 1:[ 50.889488     0.320597     1.          50.863623     0.23245      5.99809612
   5.99809612]
604.0 1:[ 50.815833    -0.76805      0.          50.867255    -0.733338
   5.24934383   5.24934383]
743.0 1:[ 51.434215    -0.90323      0.          51.475392    -0.864062
   5.41649268   5.41649268]
79.0 1:[ 56.398115    -3.470142     1.          56.398927    -3.464507
   0.24606299   0.24606299]
173.0 1:[ 56.39895     -3.464573     0.          56.398298    -3.47016      0.26221864
   0.26221864]
587.0 1:[ 53.725392    -1.888203     1.          53.7271      -1.871972
   1.12095363   1.12095363]
2262.0 1:[ 51.567405    -3.230568     0.          51.693215    -3.027757
  16.74160403  16.74160403]
585.0 1:[ 52.043795    -0.35579      0.          52.037305    -0.338625
   3.04161199   3.04161199]
243.0 1:[ 51.403043    -0.748677     0.          51.403447    -0.748702
   1.55156387   1.55156387]
1266.0 1:[ 51.350788   -0.194655    0.         51.36707    -0.195033    2.8471228
   2.8471228]
1339.0 1:[ 51.461017    -0.994073     0.          51.460738    -0.994452
   6.41503619   6.41503619]
841.0 1:[ 51.617653    -0.278492     0.          51.617668    -0.277282
   3.15470154   3.15470154]
478.0 1:[ 53.715852    -1.801617     1.          53.698332    -1.77849      1.87964786
   1.87964786]
636.0 1:[ 53.716083    -1.801887     0.          53.726128    -1.856565
   3.40262865   3.40262865]
36.0 1:[  5.36971920e+01  -1.77464300e+00   0.00000000e+00   5.36975050e+01
  -1.77505000e+00   9.94193908e-03   9.94193908e-03]
2046.0 1:[ 53.564288    -0.624858     0.          53.564262    -0.624802
   5.47925117   5.47925117]
343.0 1:[  5.11710650e+01  -2.18000000e-04   0.00000000e+00   5.11828000e+01
  -2.58180000e-02   1.76096596e+00   1.76096596e+00]
430.0 1:[  5.13975650e+01  -4.94130000e-02   1.00000000e+00   5.13967930e+01
  -4.92720000e-02   1.63793446e+00   1.63793446e+00]
1130.0 1:[ 53.050617    -2.152717     1.          53.003063    -2.184018
   4.54346616   4.54346616]
815.0 1:[ 53.037502    -2.169982     1.          53.003398    -2.130942
   4.07246679   4.07246679]
333.0 1:[ 51.455837    -0.96866      0.          51.457525    -0.960738
   0.55302036   0.55302036]
1287.0 1:[ 52.022907    -0.497133     0.          52.00315     -0.497872
   3.50266941   3.50266941]
884.0 1:[ 55.884502    -3.11437      1.          55.841447    -3.040388
   4.52109679   4.52109679]
1314.0 1:[ 55.958918    -3.122908     0.          55.84148     -3.040442
  12.04155233  12.04155233]
234.0 1:[ 55.847895    -3.053565     0.          55.841482    -3.04039      0.80653981
   0.80653981]
309.0 1:[ 51.276033    -0.748185     1.          51.272198    -0.721342
   1.58698202   1.58698202]
463.0 1:[ 53.311492    -3.522673     0.          53.302692    -3.543173
   1.40243478   1.40243478]
357.0 1:[ 51.41588     -0.104122     1.          51.415627    -0.104155
   0.98425197   0.98425197]
699.0 1:[ 50.060683    -5.191445     0.          50.052278    -5.090003
   5.67560447   5.67560447]
