1501.0 1:[ 50.792715     0.284117     0.          50.889577     0.320488
  11.39284081  11.39284081]
37.0 1:[  5.13614780e+01   1.43683500e+00   0.00000000e+00   5.13615530e+01
   1.43667800e+00   9.32056788e-03   9.32056788e-03]
759.0 1:[ 51.47541     -0.86357      0.          51.432265    -0.905788
   5.53890281   5.53890281]
7163.0 1:[ 51.698558    -0.426205     0.          52.275325    -1.564268
  88.55720095  88.55720095]
578.0 1:[ 51.36732     -0.178483     1.          51.348212    -0.16347      1.92562932
   1.92562932]
468.0 1:[ 51.367022    -0.178705     1.          51.368507    -0.157658
   1.50620377   1.50620377]
275.0 1:[ 51.767245    -0.322445     0.          51.760253    -0.339822
   1.53727233   1.53727233]
2978.0 1:[ 51.760367    -0.339937     0.          51.637942    -0.467423
  14.08586356  14.08586356]
347.0 1:[ 51.472533    -0.859118     0.          51.468763    -0.900765
   2.45441621   2.45441621]
247.0 1:[ 51.946745    -0.277147     0.          51.946745    -0.277147
   0.75683011   0.75683011]
514.0 1:[ 51.427237    -0.731908     0.          51.403102    -0.748703
   3.19198381   3.19198381]
128.0 1:[ 51.406207    -0.845958     0.          51.403458    -0.84809      0.26159727
   0.26159727]
1473.0 1:[ 51.270387    -0.21202      0.          51.35101     -0.194695
   7.02397996   7.02397996]
4779.0 1:[ 51.376692    -0.492813     0.          51.350785    -0.194787
  19.15749523  19.15749523]
1073.0 1:[ 51.572965   -0.499805    0.         51.555007   -0.61117     9.6436809
   9.6436809]
20.0 1:[  5.14589280e+01  -9.98233000e-01   0.00000000e+00   5.14589430e+01
  -9.98013000e-01   4.97096954e-03   4.97096954e-03]
1791.0 1:[ 51.445635    -0.957187     0.           0.           0.           7.65094349
   7.65094349]
477.0 1:[ 51.535007    -1.07087      0.          51.53684     -1.024208
   2.72781953   2.72781953]
311.0 1:[ 52.779148    -0.175388     0.           0.           0.           1.28499563
   1.28499563]
340.0 1:[ 53.697645    -1.782235     0.          53.697283    -1.775102
   0.40140579   0.40140579]
544.0 1:[ 53.564265    -0.624767     1.          53.564243    -0.624785
   1.73921797   1.73921797]
5151.0 1:[ 51.875        0.352855     0.          51.43396     -1.075458
  76.38391792  76.38391792]
208.0 1:[  5.30374620e+01  -2.16958300e+00   1.00000000e+00   5.30375570e+01
  -2.17000500e+00   8.07782550e-03   8.07782550e-03]
356.0 1:[ 53.03755     -2.16994      0.          53.038362    -2.17109      0.40575539
   0.40575539]
7096.0 1:[ 52.76687     -1.204805     0.          51.761142    -1.262298
  87.02117136  87.02117136]
5759.0 1:[ 52.766427    -1.20443      0.          53.859797    -1.511035
  96.15035692  96.15035692]
1755.0 1:[ 53.859878    -1.511113     0.          53.79791     -1.56414      6.59585521
   6.59585521]
1190.0 1:[ 55.89358     -3.068898     1.          55.954105    -3.115957
   5.82411218   5.82411218]
67.0 1:[ 55.842502   -3.047623    0.         55.841188   -3.04795     0.0776714
   0.0776714]
690.0 1:[ 55.958505    -3.122697     0.          55.949635    -3.131163
   2.44882387   2.44882387]
324.0 1:[ 55.951257    -3.219843     0.          55.943202    -3.21959      0.82580231
   0.82580231]
3277.0 1:[ 51.408552   -0.21485     0.         51.43999    -0.104072    7.6335451
   7.6335451]
615.0 1:[ 51.401603    -0.240305     0.          51.408537    -0.21473      1.87964786
   1.87964786]
1720.0 1:[ 53.78792     -1.549345     0.          53.66642     -1.514085
  12.22050724  12.22050724]
