717.0 1:[ 50.889583     0.320472     0.          50.860857     0.24544      4.95605663
   4.95605663]
416.0 1:[ 50.836675    -0.782005     0.          50.835125    -0.799577
   1.03706852   1.03706852]
826.0 1:[ 51.475493    -0.864077     1.          51.434268    -0.90288      5.55878669
   5.55878669]
1060.0 1:[ 52.29334     -0.685585     0.          52.331048    -0.616737
   5.05361191   5.05361191]
726.0 1:[ 52.331107    -0.616617     0.          52.300467    -0.614402
   4.34773423   4.34773423]
242.0 1:[ 51.567627     0.144512     0.          51.570463     0.123763
   0.70152808   0.70152808]
184.0 1:[ 53.648173   -2.316037    1.         53.646572   -2.316312    0.1379444
   0.1379444]
840.0 1:[ 51.521257    -0.646082     0.          51.533538    -0.750362
   8.93904597   8.93904597]
743.0 1:[ 51.522288   -0.677517    1.         51.521077   -0.752732    3.5741271
   3.5741271]
132.0 1:[ 55.842008    -3.047483     0.          55.841483    -3.040415
   0.50206792   0.50206792]
492.0 1:[ 51.275973    -0.748192     0.          51.275983    -0.748165
   1.98528096   1.98528096]
837.0 1:[ 51.322857    -0.559343     0.          51.354943    -0.603998
   3.52628152   3.52628152]
