2300.0 1:[  5.08895800e+01   3.20625000e-01   1.00000000e+00   5.09644980e+01
  -4.09870000e-02   2.19617434e+01   2.19617434e+01]
44.0 1:[  5.08113770e+01  -7.72785000e-01   0.00000000e+00   5.08113770e+01
  -7.72785000e-01   1.24274238e-02   1.24274238e-02]
1368.0 1:[ 51.343425     1.41724      0.          51.221182     1.402648
   9.85805396   9.85805396]
1377.0 1:[ 55.879962    -3.165037     1.          55.983157    -3.398215
  14.87935457  14.87935457]
283.0 1:[ 56.398357    -3.470203     0.          56.408185    -3.469402
   1.29804442   1.29804442]
209.0 1:[ 51.367058    -0.178378     1.          51.361542    -0.188008
   0.68723654   0.68723654]
41.0 1:[  5.14728670e+01  -8.58835000e-01   0.00000000e+00   5.14724680e+01
  -8.59138000e-01   5.59234073e-03   5.59234073e-03]
127.0 1:[ 51.470162    -0.897823     0.          51.46898     -0.900793
   0.15658554   0.15658554]
150.0 1:[ 52.326112    -0.611692     0.          52.331047    -0.616785
   0.48280542   0.48280542]
242.0 1:[ 53.732093    -1.717658     0.          53.724923    -1.715453
   0.90409508   0.90409508]
189.0 1:[ 51.4036      -0.848177     0.          51.4036      -0.848177
   0.35542432   0.35542432]
635.0 1:[ 53.86688     -1.694675     0.          53.844912    -1.688457
   3.02172811   3.02172811]
311.0 1:[ 51.419112    -0.777953     0.          51.418825    -0.770247
   0.54742802   0.54742802]
595.0 1:[ 53.862223    -2.11972      1.          53.849653    -2.195992
   3.42499801   3.42499801]
2096.0 1:[  0.           0.           0.          51.638325    -0.465728
  16.00341506  16.00341506]
3191.0 1:[ 51.555093    -0.611002     0.          51.433543    -1.07607     26.73387417
  26.73387417]
2424.0 1:[ 51.433277    -1.076027     0.          51.53682     -1.024137
  11.86881114  11.86881114]
350.0 1:[ 53.715908    -1.801522     0.          53.701817    -1.783297
   1.27443232   1.27443232]
34.0 1:[  5.14331820e+01  -1.07554500e+00   0.00000000e+00   5.14333880e+01
  -1.07584200e+00   8.07782550e-03   8.07782550e-03]
464.0 1:[ 51.07416     -1.771568     1.          51.086707    -1.77538      1.80259783
   1.80259783]
1024.0 1:[ 51.06665     -1.840922     0.          51.06665     -1.840922
   4.61740933   4.61740933]
441.0 1:[ 51.074105    -1.771737     0.          51.084037    -1.781763
   2.06543784   2.06543784]
232.0 1:[ 51.076183    -1.80451      0.          51.075823    -1.805237
   0.28769486   0.28769486]
714.0 1:[ 51.099092    -1.75781      0.          51.099092    -1.75781      2.66133282
   2.66133282]
701.0 1:[ 51.87476      0.352967     0.          51.841715     0.191408
  14.82591665  14.82591665]
647.0 1:[ 55.072583    -1.524448     0.          55.100837    -1.59107      4.01778613
   4.01778613]
570.0 1:[ 55.87094     -3.099967     0.          55.895808    -3.099307
   2.31895729   2.31895729]
1905.0 1:[ 55.841868    -3.040285     0.          55.927027    -3.249543
  11.96512368  11.96512368]
750.0 1:[ 51.413725    -0.186258     1.          51.408493    -0.214745
   1.97161079   1.97161079]
713.0 1:[ 51.247453    -0.741165     0.          51.283178    -0.767265
   4.66276943   4.66276943]
251.0 1:[ 51.242718    -0.205633     0.          51.239873    -0.197293
   1.23777141   1.23777141]
