186.0 1:[ 50.785047     0.307392     0.          50.785383     0.307858
   0.24792711   0.24792711]
334.0 1:[ 50.889592    0.320587    0.         50.889312    0.324863    1.0569524
   1.0569524]
1444.0 1:[ 50.826893    -0.782037     0.          50.865195    -1.24294     24.25895272
  24.25895272]
469.0 1:[ 51.46883    -0.900848    0.         51.472528   -0.859108    2.7458393
   2.7458393]
948.0 1:[ 53.723608    -1.946228     1.          53.714415    -1.877803
   6.83073352   6.83073352]
1263.0 1:[ 51.566938    -3.230782     1.          51.574977    -3.295485
  10.80315955  10.80315955]
370.0 1:[ 51.978458    -0.23175      0.          51.97763     -0.231878
   1.11908952   1.11908952]
903.0 1:[ 51.40317     -0.748698     0.          51.33683     -0.77664      7.30359699
   7.30359699]
1507.0 1:[ 51.517765    -0.728878     0.          51.42674     -0.732222
   8.21887676   8.21887676]
907.0 1:[ 53.909367    -2.178887     0.          53.862287    -2.119828
   5.82473356   5.82473356]
987.0 1:[ 51.189237   -0.876962    0.         51.107538   -1.045298    9.5510966
   9.5510966]
6535.0 1:[ 52.601365    -1.183867     0.          51.555017    -0.611168
  98.32018512  98.32018512]
5374.0 1:[ 51.38067     -2.372918     0.          51.458908    -1.096512
  66.00950449  66.00950449]
2573.0 1:[ 54.583943   -1.35227     0.         54.585643   -1.345905   10.5496401
  10.5496401]
20.0 1:[  5.15205400e+01  -6.48770000e-01   0.00000000e+00   5.15209870e+01
  -6.48857000e-01   1.67770222e-02   1.67770222e-02]
627.0 1:[ 52.808037  -0.143683   1.        52.779172  -0.175503   3.386473
   3.386473]
2957.0 1:[  5.11827550e+01  -2.58000000e-02   0.00000000e+00   5.12773830e+01
  -2.09908000e-01   1.80085799e+01   1.80085799e+01]
306.0 1:[ 51.405795    -0.065738     1.          51.405917    -0.065833
   0.62820628   0.62820628]
221.0 1:[ 50.14612     -5.067558     0.          50.146132    -5.069913
   0.21934403   0.21934403]
870.0 1:[ 55.859503    -3.161965     1.          55.871215    -3.102307
   5.20087688   5.20087688]
833.0 1:[ 55.884527    -3.114467     1.          55.841493    -3.04041      4.54346616
   4.54346616]
222.0 1:[ 55.936308    -3.285555     0.          55.935105    -3.270483
   0.78665593   0.78665593]
450.0 1:[ 51.236673    -0.206737     0.          51.236673    -0.206737
   1.57331186   1.57331186]
