4214.0 1:[ 51.433075    -0.905767     0.          51.434253    -0.902905
  24.35153702  24.35153702]
2858.0 1:[ 51.637943    -0.468578     0.          51.433387    -1.075995
  41.57718921  41.57718921]
1297.0 1:[ 52.330985    -0.616665     0.          52.402862    -0.743153
  10.45208482  10.45208482]
502.0 1:[ 51.308822    -0.302632     0.          51.291538    -0.333415
   2.18909071   2.18909071]
2439.0 1:[ 53.703652    -1.91848      1.          53.490008    -2.244332
  23.64503798  23.64503798]
802.0 1:[ 53.72689     -1.871568     0.          53.749503    -1.893763
   2.52400978   2.52400978]
1953.0 1:[ 51.403012    -0.748623     0.          51.453838    -0.971858
  14.38660721  14.38660721]
1728.0 1:[ 51.40375    -0.837375    0.         51.403248   -0.748753    6.9475513
   6.9475513]
8997.0 1:[ 52.886343    -2.173205     0.          53.434472    -2.93543     62.12344906
  62.12344906]
1292.0 1:[ 51.369778   -0.081473    0.         51.380962   -0.123613    3.4057355
   3.4057355]
825.0 1:[ 51.418792    -0.777892     0.          51.418705    -0.777907
   3.99293128   3.99293128]
1271.0 1:[ 53.862163    -2.119943     1.          53.78392     -2.273342
   9.87358824   9.87358824]
2159.0 1:[ 53.8622      -2.119607     0.          53.631088    -2.32864     23.34243021
  23.34243021]
2653.0 1:[ 50.910108    -1.380363     1.          51.107555    -1.04525     25.70612622
  25.70612622]
347.0 1:[ 52.891602    -1.33157      1.          52.891602    -1.33157      1.93743538
   1.93743538]
335.0 1:[  5.11376230e+01  -2.72330000e-02   1.00000000e+00   5.11740330e+01
  -1.84480000e-02   2.92106597e+00   2.92106597e+00]
260.0 1:[  5.11742700e+01  -1.82520000e-02   0.00000000e+00   5.11827650e+01
  -2.58070000e-02   7.57451483e-01   7.57451483e-01]
385.0 1:[ 51.121628     0.224903     1.          51.127823     0.251392
   1.61618647   1.61618647]
1202.0 1:[ 51.405777    -0.06598      1.          51.390022    -0.089878
   2.35686093   2.35686093]
1190.0 1:[ 51.875127     0.35286      0.          51.874882     0.352835
  12.74059493  12.74059493]
3376.0 1:[  5.15791430e+01   4.23820000e-02   0.00000000e+00   5.18722720e+01
   3.64275000e-01   3.52236688e+01   3.52236688e+01]
5320.0 1:[ 51.892192    -1.154117     0.          52.766577    -1.204488
  79.67718524  79.67718524]
252.0 1:[ 53.856588    -1.531132     0.          53.859987    -1.511103
   1.23528593   1.23528593]
1198.0 1:[ 55.84141     -3.040387     1.          55.958503    -3.122515
  12.09436889  12.09436889]
