2003.0 1:[ 50.864237    0.256835    1.         50.889592    0.320503   13.9771236
  13.9771236]
1210.0 1:[ 50.844718     0.504943     0.          50.889577     0.320513
   9.70706077   9.70706077]
691.0 1:[ 50.811365    -0.7727       0.          50.811367    -0.77273      5.18472123
   5.18472123]
411.0 1:[ 51.434065    -0.902853     1.          51.427117    -0.93652      1.96229023
   1.96229023]
327.0 1:[ 51.403027    -0.748405     0.          51.402638    -0.746722
   1.86970592   1.86970592]
326.0 1:[ 51.350735    -0.19481      0.          51.34448     -0.202803
   0.83139466   0.83139466]
660.0 1:[ 53.591778    -0.655728     0.          53.564238    -0.624763
   2.78187883   2.78187883]
1133.0 1:[ 53.564267   -0.624857    0.         53.564278   -0.624782    7.7391782
   7.7391782]
1358.0 1:[ 54.008467    -1.529658     0.          53.978108    -1.521735
   3.00557246   3.00557246]
1570.0 1:[ 51.405722    -0.065512     1.          51.381267    -0.124892
   4.20046926   4.20046926]
8177.0 1:[  51.875107      0.352813      0.           52.447228     -1.716338
  120.77467589  120.77467589]
380.0 1:[ 53.03707     -2.139595     1.          53.037683    -2.138588
   1.92500795   1.92500795]
596.0 1:[ 53.859772    -1.511138     0.          53.837503    -1.454462
   3.77980096   3.77980096]
329.0 1:[ 51.415947    -0.118233     1.          51.420997    -0.107945
   0.84879305   0.84879305]
358.0 1:[ 53.659538    -1.511082     1.          53.638505    -1.547283
   2.31398632   2.31398632]
