1654.0 1:[ 50.889623     0.320427     1.          50.759088     0.20664     13.45206494
  13.45206494]
441.0 1:[ 51.361478     1.437023     0.          51.359962     1.4356       2.41216297
   2.41216297]
191.0 1:[ 51.698105    -0.425948     0.          51.70624     -0.416188
   0.79784061   0.79784061]
343.0 1:[ 51.355228    -0.176887     1.          51.36709     -0.178675
   1.20608148   1.20608148]
204.0 1:[  0.           0.           0.          51.638348    -0.468522
   0.28085978   0.28085978]
158.0 1:[ 51.433652    -1.075912     0.          51.433448    -1.075912
   0.12800247   0.12800247]
261.0 1:[ 51.760447    -0.3395       0.          51.754817    -0.328662
   0.70463493   0.70463493]
3180.0 1:[ 52.759113    -1.299402     0.          52.482625    -1.892982
  35.26219379  35.26219379]
2043.0 1:[ 53.732037    -1.717855     1.          53.723653    -1.946203
  11.32076175  11.32076175]
2009.0 1:[ 53.732125    -1.717653     0.          53.71445     -1.878307
   8.05234928   8.05234928]
259.0 1:[ 53.723577    -1.946445     0.          53.732232    -1.986105
   1.83242365   1.83242365]
241.0 1:[ 53.72501     -1.715388     0.          53.732083    -1.717565
   0.91714388   0.91714388]
1017.0 1:[ 53.723695    -1.946077     0.          53.725633    -1.81099      6.77667422
   6.77667422]
1714.0 1:[ 51.531357    -3.579365     0.          51.567218    -3.230975
  20.75690468  20.75690468]
885.0 1:[ 52.043532    -0.355563     1.          51.986893    -0.234432
   2.14435198   2.14435198]
1827.0 1:[ 51.988       -0.232947     0.          52.044025    -0.355813
  10.14823431  10.14823431]
1712.0 1:[ 51.403207  -0.748777   0.        51.403477  -0.84811    7.8125     7.8125  ]
199.0 1:[ 51.350907    -0.194703     0.          51.343755    -0.199755
   0.71147002   0.71147002]
527.0 1:[ 51.426915   -0.73211     0.         51.41877    -0.777873    3.1124483
   3.1124483]
418.0 1:[ 51.479227   -1.04236     0.         51.47979    -1.041908    2.2798109
   2.2798109]
979.0 1:[ 51.53396     -0.894088     0.          51.527065    -0.892698
   1.53105862   1.53105862]
841.0 1:[ 51.412725    -0.946263     0.          51.433577    -1.076025
   7.49808618   7.49808618]
1136.0 1:[ 51.45946     -0.970778     0.          51.412948    -0.946572
   4.47884355   4.47884355]
255.0 1:[ 53.5661      -0.641292     0.          53.564238    -0.624762
   0.85252128   0.85252128]
388.0 1:[ 53.564147    -0.624735     0.          53.564265    -0.624797
   0.61764297   0.61764297]
84.0 1:[ 54.575825    -6.005587     0.          54.57264     -6.007143
   0.33616182   0.33616182]
1134.0 1:[  5.11827820e+01  -2.59000000e-02   0.00000000e+00   5.11255380e+01
  -1.79930000e-02   4.76529567e+00   4.76529567e+00]
806.0 1:[  5.11827650e+01  -2.57980000e-02   0.00000000e+00   5.12193650e+01
  -4.88830000e-02   3.29513143e+00   3.29513143e+00]
2375.0 1:[ 51.523295   -0.716187    0.         51.45605    -0.968762   19.9777052
  19.9777052]
174.0 1:[ 52.0244      -0.7836       0.          52.026045    -0.790915
   0.44241629   0.44241629]
463.0 1:[ 51.521087    -0.752807     1.          51.522787    -0.714402
   2.05301042   2.05301042]
2058.0 1:[ 52.028223    -0.489592     0.          52.030157    -0.489918
  12.48086177  12.48086177]
899.0 1:[ 51.314297    -0.741658     0.          51.351863    -0.662723
   6.84129683   6.84129683]
119.0 1:[ 53.301955    -3.539265     0.          53.302817    -3.54308      0.23239283
   0.23239283]
2186.0 1:[ 53.302637    -3.542965     0.          53.324762    -3.833823
  16.20536069  16.20536069]
1771.0 1:[ 51.408377    -0.094145     1.          51.40877     -0.09462      4.93368727
   4.93368727]
425.0 1:[ 53.666512    -1.514348     0.          53.666512    -1.514348
   1.34837549   1.34837549]
