631.0 1:[ 50.835087    -0.799367     0.          50.811382    -0.77275      3.62010857
   3.62010857]
252.0 1:[ 50.802582   -0.807817    0.         50.823992   -0.787435    1.9908733
   1.9908733]
673.0 1:[ 51.423083    -1.037393     0.          51.433402    -1.075685
   3.19633341   3.19633341]
38.0 1:[  5.64190870e+01  -3.47578500e+00   1.00000000e+00   5.64189750e+01
  -3.47600300e+00   1.86411358e-03   1.86411358e-03]
502.0 1:[ 52.290883    -0.667658     0.          52.331028    -0.616767
   5.71226537   5.71226537]
162.0 1:[ 51.309527    -0.299565     0.          51.313498    -0.29812      0.51511672
   0.51511672]
38.0 1:[  5.15671730e+01  -3.23095000e+00   1.00000000e+00   5.15671800e+01
  -3.23094200e+00   1.86411358e-03   1.86411358e-03]
900.0 1:[ 51.889405    -0.193302     0.          51.889417    -0.195038
   9.13167104   9.13167104]
622.0 1:[ 51.889417    -0.195038     0.          51.889417    -0.195038
   1.85541438   1.85541438]
1601.0 1:[ 51.403265    -0.847745     0.          51.403125    -0.748677
   6.02046548   6.02046548]
575.0 1:[ 51.479348    -1.042505     0.          51.460842    -1.013335
   2.44695976   2.44695976]
769.0 1:[ 51.479185    -1.04245      0.          51.474213    -0.967707
   5.26425674   5.26425674]
1802.0 1:[ 51.536832    -1.024117     0.          51.536822    -1.024138
  13.87521872  13.87521872]
1920.0 1:[ 51.536852   -1.024145    0.         51.43337    -1.075812   14.6003589
  14.6003589]
459.0 1:[ 53.698523    -1.77777      1.          53.715913    -1.8016       1.74853853
   1.74853853]
747.0 1:[ 53.726418   -1.852972    0.         53.715885   -1.801652    3.4510956
   3.4510956]
3354.0 1:[ 53.564235    -0.624807     0.          53.222023    -0.530592
  28.40411994  28.40411994]
434.0 1:[ 51.074065    -1.771187     0.          51.074065    -1.771187
   1.14270162   1.14270162]
173.0 1:[ 51.074158    -1.771842     0.          51.07451     -1.770697
   0.59403086   0.59403086]
874.0 1:[ 51.06742     -1.794867     0.          51.078703    -1.772312
   2.28229639   2.28229639]
856.0 1:[ 51.10249     -1.790257     0.          51.076565    -1.773897
   4.19487692   4.19487692]
1058.0 1:[ 54.008692    -1.529735     0.          53.978215    -1.521725
   3.03726239   3.03726239]
481.0 1:[  5.11828050e+01  -2.59870000e-02   0.00000000e+00   5.12144480e+01
  -5.14430000e-02   2.95151316e+00   2.95151316e+00]
1995.0 1:[ 51.062115    -1.308265     1.          50.986317    -1.276505
   9.99413426   9.99413426]
2811.0 1:[  5.15777780e+01   4.35230000e-02   0.00000000e+00   5.15023630e+01
  -1.10000000e-03   7.13520540e+00   7.13520540e+00]
3092.0 1:[  5.18747820e+01   3.52835000e-01   0.00000000e+00   5.15988170e+01
   2.56200000e-03   3.79788286e+01   3.79788286e+01]
246.0 1:[ 52.035337   -0.770507    0.         52.024423   -0.783608    1.8529289
   1.8529289]
2457.0 1:[ 52.022837   -0.497222    1.         51.953663   -0.435122   18.6641265
  18.6641265]
830.0 1:[ 55.965147    -3.275945     0.          55.936533    -3.231712
   3.58655452   3.58655452]
731.0 1:[ 51.416358    -0.179367     0.          51.408493    -0.214697
   1.69137239   1.69137239]
745.0 1:[ 51.336047    -0.830997     1.          51.335048    -0.761103
   4.48319315   4.48319315]
10070.0 1:[  51.286748    -0.725765     0.          52.96317     -1.308195
  148.2218842  148.2218842]
2112.0 1:[ 53.669707    -1.510473     0.          53.666427    -1.514228
  12.14283584  12.14283584]
