511.0 1:[ 50.857983     0.5801       0.          50.860657     0.584402
   1.63544898   1.63544898]
5638.0 1:[ 50.821337   -0.147298    0.         50.832782   -0.736907   35.3181172
  35.3181172]
2670.0 1:[ 51.150328    -0.973397     0.          50.835015    -0.799313
  35.31314623  35.31314623]
487.0 1:[ 51.34357      1.417117     0.          51.361487     1.436827
   2.09961326   2.09961326]
582.0 1:[ 52.331023    -0.616712     0.          52.331002    -0.616732
   0.99667939   0.99667939]
328.0 1:[ 51.951763    -0.267657     0.          51.951763    -0.267657
   1.70939215   1.70939215]
6124.0 1:[ 51.350827    -0.194427     0.          51.416355    -0.755883
  34.27607771  34.27607771]
399.0 1:[ 51.561313     0.076735     0.          51.561313     0.076735
   1.13835202   1.13835202]
3415.0 1:[ 53.862295   -2.119782    1.         53.623943   -2.176955   27.1818828
  27.1818828]
595.0 1:[ 53.564232    -0.624742     0.          53.564243    -0.624775
   1.90574545   1.90574545]
1078.0 1:[ 54.596457    -5.934843     0.          54.577918    -5.978903
   3.73009127   3.73009127]
7194.0 1:[ 51.43396     -1.075458     0.          51.74213      0.136512
  81.03177444  81.03177444]
2702.0 1:[  5.18303670e+01   1.91338000e-01   0.00000000e+00   5.15791430e+01
   4.23820000e-02   3.42263680e+01   3.42263680e+01]
82.0 1:[ 52.024248    -0.784125     0.          52.026017    -0.790707
   0.34486101   0.34486101]
967.0 1:[ 51.85053     -1.22823      0.          51.892228    -1.15405      4.72117832
   4.72117832]
1394.0 1:[ 55.95868     -3.1225       0.          55.961807    -2.973487
  10.75779945  10.75779945]
648.0 1:[ 53.302623    -3.543138     0.          53.305632    -3.524077
   1.03831126   1.03831126]
260.0 1:[ 51.233395    -0.215498     0.          51.233712    -0.215285
   1.02836932   1.02836932]
773.0 1:[ 51.380103    -0.106157     1.          51.408237    -0.090165
   2.66195419   2.66195419]
