162.0 1:[ 51.427403   -0.936192    1.         51.423022   -0.934048    0.4442804
   0.4442804]
1035.0 1:[ 51.475442    -0.864003     0.          51.434238    -0.902935
   5.54884475   5.54884475]
396.0 1:[ 53.724532    -1.887752     0.          53.724867    -1.866608
   0.94634833   0.94634833]
1360.0 1:[ 51.987958    -0.232673     0.          52.043345    -0.3568      10.34769446
  10.34769446]
556.0 1:[ 51.403237    -0.748775     0.          51.382672    -0.772937
   3.15905114   3.15905114]
583.0 1:[ 51.354582    -0.185585     0.          51.380512    -0.181792
   2.43763919   2.43763919]
2499.0 1:[ 53.844997   -1.688323    0.         53.698553   -1.266378   30.0010439
  30.0010439]
1738.0 1:[ 51.59092     -0.257278     1.          51.590858    -0.257352
   8.51651356   8.51651356]
483.0 1:[ 53.698107    -1.776227     0.          53.71587     -1.801632
   1.81813211   1.81813211]
3581.0 1:[ 53.222055    -0.530515     0.          53.564265    -0.62479     27.17380498
  27.17380498]
668.0 1:[ 51.103182    -1.781955     1.          51.07397     -1.771747
   4.37631731   4.37631731]
146.0 1:[ 54.008357    -1.530057     0.          54.010552    -1.536892
   0.54121431   0.54121431]
2116.0 1:[  5.13699920e+01  -1.17035000e-01   0.00000000e+00   5.11827280e+01
  -2.58330000e-02   1.56834089e+01   1.56834089e+01]
1303.0 1:[ 50.151232    -5.68601      0.          50.065615    -5.711962
   8.49228008   8.49228008]
695.0 1:[ 53.869818    -1.449485     0.          53.85984     -1.511125
   3.48837787   3.48837787]
1139.0 1:[ 51.959637    -0.514787     0.          52.016058    -0.50182     11.01753261
  11.01753261]
1116.0 1:[ 55.871177    -3.102313     0.          55.908885    -3.20909      6.34047165
   6.34047165]
