923.0 1:[ 50.844277    -0.757242     1.          50.793285    -0.657928
   7.04759206   7.04759206]
290.0 1:[ 50.811543    -0.775848     0.          50.82906     -0.754703
   2.85644337   2.85644337]
47.0 1:[  5.14341080e+01  -9.02835000e-01   0.00000000e+00   5.14341080e+01
  -9.02835000e-01   5.59234073e-03   5.59234073e-03]
1183.0 1:[ 51.345895    -0.247317     0.          51.364465    -0.299125
   5.46806649   5.46806649]
179.0 1:[ 53.725223    -1.870298     1.          53.725647    -1.867217
   0.18268313   0.18268313]
1083.0 1:[ 53.723122    -1.852175     0.          53.723618    -1.946173
   4.85663724   4.85663724]
56.0 1:[ 52.043948    -0.35582      0.          52.043552    -0.354392
   0.10314762   0.10314762]
13918.0 1:[  53.434735     -2.934815      1.           51.510078     -0.58922
  208.16494174  208.16494174]
646.0 1:[ 51.38261     -0.772893     0.          51.403135    -0.748728
   4.74789728   4.74789728]
4607.0 1:[ 51.35065     -0.194512     1.          51.41634     -0.755808
  39.10102501  39.10102501]
7226.0 1:[ 51.350757    -0.194785     0.          51.416338    -0.755882
  32.80715621  32.80715621]
1728.0 1:[ 51.418647    -0.777595     0.          51.517737    -0.72897      9.86923865
   9.86923865]
3313.0 1:[ 51.433207    -1.075822     0.          51.555023    -0.61114     29.35668198
  29.35668198]
255.0 1:[ 51.663095    -0.287338     1.          51.662947    -0.287347
   0.64311918   0.64311918]
1979.0 1:[ 51.433238    -1.076043     0.          51.536803    -1.024105
  11.87067526  11.87067526]
315.0 1:[ 53.706242    -1.787405     0.          53.715885    -1.801655
   1.23963553   1.23963553]
1475.0 1:[ 53.562312    -0.661618     1.          53.564257    -0.624775
   7.92123996   7.92123996]
713.0 1:[ 53.589553    -0.692618     0.          53.564783    -0.617792
   4.01219379   4.01219379]
2928.0 1:[ 53.564412    -0.624753     0.          53.22204     -0.53058     27.18312555
  27.18312555]
499.0 1:[ 51.062573    -1.774518     0.          51.074087    -1.771723
   2.10272011   2.10272011]
957.0 1:[ 51.074235    -1.771668     0.          51.07404     -1.771697
   4.40179353   4.40179353]
2090.0 1:[  5.11827330e+01  -2.57670000e-02   0.00000000e+00   5.14402230e+01
   2.74188000e-01   2.94921409e+01   2.94921409e+01]
762.0 1:[  5.12588080e+01  -5.36300000e-03   0.00000000e+00   5.11827550e+01
  -2.58450000e-02   6.60890400e+00   6.60890400e+00]
1361.0 1:[ 51.405968    -0.065697     1.          51.375203    -0.09178      5.98753281
   5.98753281]
256.0 1:[ 51.875102    0.352643    0.         51.875102    0.352643    1.3135787
   1.3135787]
1162.0 1:[ 52.024442    -0.78358      0.          52.048485    -0.706165
   7.22592559   7.22592559]
574.0 1:[ 53.837503    -1.454465     0.          53.839843    -1.503592
   3.35043347   3.35043347]
1412.0 1:[ 52.022905    -0.497077     1.          52.029137    -0.489443
   4.23091645   4.23091645]
4814.0 1:[ 51.479962    -0.485712     0.          52.022897    -0.496938
  54.47064145  54.47064145]
1104.0 1:[ 55.884498    -3.114445     1.          55.84148     -3.040408
   4.68886702   4.68886702]
