1609.0 1:[ 50.811298    -0.772615     1.          50.884748    -0.922742
  16.08605742  16.08605742]
924.0 1:[ 52.33105    -0.616763    0.         52.33103    -0.616745    6.7642468
   6.7642468]
654.0 1:[ 53.714413    -1.878362     0.          53.723628    -1.94615      3.45482383
   3.45482383]
863.0 1:[ 53.714588    -1.877818     0.          53.723623    -1.946163
   3.43556132   3.43556132]
1613.0 1:[ 51.629867    -3.008463     1.          51.567218    -3.23096     20.23681699
  20.23681699]
366.0 1:[ 51.403118    -0.748695     0.          51.421825    -0.747662
   1.64166269   1.64166269]
2055.0 1:[ 51.403247    -0.748505     0.          51.403467    -0.848057
   7.92869641   7.92869641]
5114.0 1:[ 51.350668    -0.194648     1.          51.416358    -0.755788
  33.47015927  33.47015927]
1292.0 1:[ 51.569307     0.147267     0.          51.56535      0.10384      2.81356876
   2.81356876]
556.0 1:[ 51.569263     0.1222       0.          51.569263     0.1222       1.37571582
   1.37571582]
981.0 1:[ 51.478657    -0.965167     0.          51.474052    -1.035483
   5.33012209   5.33012209]
500.0 1:[ 51.074267    -1.77181      0.          51.074195    -1.771695
   1.92997892   1.92997892]
774.0 1:[  5.11827670e+01  -2.58000000e-02   1.00000000e+00   5.12359500e+01
   6.40800000e-02   6.85993796e+00   6.85993796e+00]
7122.0 1:[ 51.518353    -0.172748     0.          52.20157     -1.717068
  94.01470413  94.01470413]
2268.0 1:[ 51.314843    -0.4708       0.          51.276012    -0.74819     22.61418317
  22.61418317]
442.0 1:[ 53.685662    -1.494313     1.          53.67697     -1.502255
   1.17190607   1.17190607]
