611.0 1:[ 50.88954      0.32051      1.          50.889478     0.269488
   3.73568361   3.73568361]
3680.0 1:[ 53.800513    -1.545958     0.          53.78295     -1.06792     31.24192217
  31.24192217]
500.0 1:[ 51.458832    -0.91994      1.          51.434187    -0.902937
   2.73341187   2.73341187]
165.0 1:[ 51.423147    -0.934528     0.          51.423732    -0.934048
   0.41569733   0.41569733]
478.0 1:[ 51.366905    -0.178562     1.          51.360817    -0.193323
   1.26014078   1.26014078]
1221.0 1:[ 51.472517    -0.859163     0.          51.453245    -0.906827
   6.34482124   6.34482124]
238.0 1:[ 53.731867    -1.717498     0.          53.724998    -1.715408
   0.90844468   0.90844468]
3114.0 1:[ 53.732438    -1.717102     0.          53.723618    -1.946182
  11.28782908  11.28782908]
557.0 1:[ 51.589805    -3.211435     0.          51.567287    -3.230983
   3.83634574   3.83634574]
394.0 1:[ 51.40299     -0.748405     0.          51.403557    -0.74774      1.89207528
   1.89207528]
211.0 1:[ 51.403177    -0.748683     0.          51.40322     -0.748658
   0.22369363   0.22369363]
543.0 1:[ 51.403287    -0.748733     0.          51.382527    -0.772785
   3.14538098   3.14538098]
352.0 1:[ 51.350405    -0.194753     0.          51.346957    -0.209447
   1.62115744   1.62115744]
217.0 1:[ 51.569307     0.147267     0.          51.569307     0.147267
   0.73197526   0.73197526]
291.0 1:[ 51.420433    -0.76561      0.          51.418735    -0.777882
   0.83885111   0.83885111]
2408.0 1:[ 51.410408    -0.677273     0.          51.479277    -1.042405
  21.17757297  21.17757297]
189.0 1:[ 51.573967    -0.783563     0.          51.564372    -0.800102
   1.38068679   1.38068679]
287.0 1:[ 52.779172    -0.175503     1.          52.779218    -0.175333
   1.40989124   1.40989124]
293.0 1:[ 53.567815    -0.64654      1.          53.56597     -0.624443
   0.97244592   0.97244592]
1141.0 1:[  5.12770000e+01  -2.09942000e-01   0.00000000e+00   5.11825700e+01
  -2.60030000e-02   1.40858636e+01   1.40858636e+01]
1274.0 1:[  5.12773650e+01  -2.09663000e-01   0.00000000e+00   5.12587950e+01
  -5.32000000e-03   1.10032411e+01   1.10032411e+01]
36.0 1:[  5.09862120e+01  -1.27649200e+00   1.00000000e+00   5.09863180e+01
  -1.27647800e+00   6.83508311e-03   6.83508311e-03]
2880.0 1:[ 51.533462    -0.750087     0.          51.794503    -1.281523
  45.09166468  45.09166468]
3903.0 1:[ 51.533568    -0.750307     0.          51.408287    -0.216307
  43.11135469  43.11135469]
939.0 1:[ 51.522878    -0.713775     1.          51.521077    -0.752757
   2.08842858   2.08842858]
137.0 1:[ 55.958697    -3.122325     1.          55.958768    -3.123247
   0.06524398   0.06524398]
1230.0 1:[ 55.841505    -3.04041      0.          55.958677    -3.123132
  12.02415394  12.02415394]
2069.0 1:[ 55.871752    -3.098785     0.          55.937572    -3.189405
   7.96411457   7.96411457]
496.0 1:[ 51.266343    -0.720653     1.          51.275985    -0.74819      2.11017657
   2.11017657]
208.0 1:[ 51.236673    -0.206737     0.          51.236673    -0.206737
   0.59403086   0.59403086]
