88.0 1:[  5.08561250e+01  -1.24235800e+00   0.00000000e+00   5.08560950e+01
  -1.24136300e+00   1.92625070e-02   1.92625070e-02]
310.0 1:[ 51.434235    -0.903008     0.          51.433263    -0.905722
   1.17625567   1.17625567]
1014.0 1:[ 51.637805    -0.468523     0.          51.699045    -0.434232
   6.21806152   6.21806152]
720.0 1:[ 52.299598    -0.614345     0.          52.293992    -0.683585
   4.18866321   4.18866321]
1861.0 1:[ 53.723522   -1.946132    1.         53.732055   -1.71757    11.4966098
  11.4966098]
25.0 1:[  5.37320830e+01  -1.71761300e+00   0.00000000e+00   5.37319600e+01
  -1.71749000e+00   2.67189613e-02   2.67189613e-02]
378.0 1:[ 51.577852   -3.215203    1.         51.585442   -3.22353     2.3208214
   2.3208214]
1325.0 1:[ 51.987972    -0.232695     0.          52.043892    -0.355757
  10.41107433  10.41107433]
106.0 1:[ 51.41521     -0.755177     0.          51.414227    -0.758017
   0.16963434   0.16963434]
49.0 1:[  5.15009430e+01  -2.59056800e+00   0.00000000e+00   5.15008070e+01
  -2.59030300e+00   1.55342798e-02   1.55342798e-02]
3434.0 1:[ 51.351065    -0.19473      0.          51.416367    -0.755812
  39.38188479  39.38188479]
1070.0 1:[ 51.350623    -0.194793     0.          51.369755    -0.081292
   5.70791577   5.70791577]
564.0 1:[ 51.418777    -0.778342     0.          51.427053    -0.732127
   3.20627535   3.20627535]
63.0 1:[  5.45654200e+01  -5.97904700e+00   0.00000000e+00   5.45652300e+01
  -5.97933700e+00   9.32056788e-03   9.32056788e-03]
253.0 1:[ 51.611792    -0.778288     0.          51.61067     -0.78329      0.51946632
   0.51946632]
472.0 1:[ 53.324918   -3.833878    0.         53.304833   -3.808555    1.9821741
   1.9821741]
