281.0 1:[ 50.811107    -0.77349      0.          50.823185    -0.749962
   1.97036805   1.97036805]
1891.0 1:[ 51.699218    -0.433593     0.          51.637933    -0.468497
   5.93782311   5.93782311]
1942.0 1:[ 51.81995     -0.318662     0.          51.698573    -0.426205
  18.58769784  18.58769784]
469.0 1:[ 51.367075    -0.1786       1.          51.356527    -0.17581      1.13648791
   1.13648791]
3351.0 1:[ 51.916037    -0.42335      0.          52.331025    -0.616758
  41.23046409  41.23046409]
2669.0 1:[ 53.731933    -1.717205     0.          53.72364     -1.946145
  11.85327686  11.85327686]
357.0 1:[ 51.978492    -0.231782     0.          51.979152    -0.23153      0.92149348
   0.92149348]
1238.0 1:[ 51.986057    -0.185857     0.          51.988918    -0.218227
   4.04512646   4.04512646]
4927.0 1:[ 51.403108    -0.748725     0.          51.520558    -0.082742
  45.08793645  45.08793645]
398.0 1:[ 51.398682    -0.744568     0.          51.403197    -0.748695
   1.16320687   1.16320687]
3523.0 1:[ 52.478995   -1.906065    0.         52.218885   -1.502378   30.9567128
  30.9567128]
492.0 1:[ 51.565912     0.176808     0.           0.           0.           2.13378867
   2.13378867]
1473.0 1:[ 53.784438    -2.257643     0.          53.862342    -2.119837
   9.85618985   9.85618985]
89.0 1:[ 51.459057    -0.99805      0.          51.460267    -0.99837      0.11308956
   0.11308956]
544.0 1:[ 51.88693     -0.196227     1.          51.854737    -0.182735
   2.71601348   2.71601348]
3700.0 1:[ 53.71587     -1.801638     0.          53.907568    -1.67493     22.14318381
  22.14318381]
40.0 1:[  5.36975050e+01  -1.77505000e+00   0.00000000e+00   5.36972200e+01
  -1.77478700e+00   5.59234073e-03   5.59234073e-03]
968.0 1:[ 51.0771      -1.809812     0.          51.07406     -1.771728
   3.74314006   3.74314006]
924.0 1:[  5.11826700e+01  -2.59950000e-02   1.00000000e+00   5.11827530e+01
  -2.57670000e-02   5.85269526e+00   5.85269526e+00]
557.0 1:[ 51.808465     0.136718     0.          51.874952     0.352765
   2.29099559   2.29099559]
584.0 1:[ 53.037508    -2.16958      1.          53.018903    -2.134807
   2.23942178   2.23942178]
2591.0 1:[ 51.309137    -0.781718     0.          51.533525    -0.7504      23.15664022
  23.15664022]
171.152 1:[ 0.          0.          0.          0.          0.          0.79473375
  0.79473375]
255.0 1:[ 52.010355    -0.510292     0.          52.01014     -0.511137
   0.85749225   0.85749225]
1118.0 1:[ 55.84145     -3.040367     1.          55.958737    -3.12299     12.06143621
  12.06143621]
748.0 1:[ 51.275962    -0.748192     1.          51.304172    -0.723577
   3.43928955   3.43928955]
581.0 1:[ 51.276032    -0.748152     0.          51.292847    -0.731978
   2.74024696   2.74024696]
606.0 1:[ 51.27588     -0.74841      0.          51.304227    -0.723625
   3.35043347   3.35043347]
333.0 1:[ 53.305047    -3.52446      0.          53.302602    -3.542943
   0.95753301   0.95753301]
853.0 1:[ 51.249332   -0.207138    0.         51.249332   -0.207138    2.8104619
   2.8104619]
2129.0 1:[ 51.10045     -1.787942     0.          50.976597    -1.907793
  13.12273821  13.12273821]
