738.0 1:[ 52.03767   -0.763818   0.        52.083427  -0.714133   5.487329
   5.487329]
666.0 1:[ 51.34349      1.417367     0.          51.343472     1.414667
   2.37425933   2.37425933]
1100.0 1:[ 51.384018    -0.899567     0.          51.427063    -0.936693
   5.54511652   5.54511652]
688.0 1:[ 51.360665    -0.193428     1.          51.367152    -0.178682
   1.34340452   1.34340452]
4598.0 1:[ 51.760355   -0.339678    0.         51.637918   -0.468438   13.9771236
  13.9771236]
910.0 1:[ 52.331055    -0.616657     0.          52.299552    -0.614298
   3.35602581   3.35602581]
785.0 1:[ 52.331215   -0.6166      0.         52.29108    -0.667428    6.5635439
   6.5635439]
880.0 1:[ 51.402983    -0.748167     1.          51.409468    -0.831983
   6.09813688   6.09813688]
471.0 1:[ 51.42626    -0.731902    0.         51.403165   -0.748723    3.1254971
   3.1254971]
4804.0 1:[ 51.520542    -0.082625     0.          51.42739     -0.732608
  35.39206037  35.39206037]
372.0 1:[ 51.403568    -0.848142     0.          51.402612    -0.837868
   0.83822974   0.83822974]
1607.0 1:[ 51.517492    -0.729015     0.          51.418768    -0.777873
  13.31536328  13.31536328]
468.0 1:[ 51.418822   -0.777838    0.         51.415505   -0.744972    1.8442297
   1.8442297]
3605.0 1:[ 51.47928     -1.042435     0.          51.670108    -1.281645
  23.39835361  23.39835361]
223.0 1:[ 52.787617    -0.15355      1.          52.779302    -0.175707
   1.20173189   1.20173189]
637.0 1:[ 53.564258    -0.624808     0.          53.56645     -0.613875
   1.42915374   1.42915374]
1354.0 1:[ 53.003448    -2.131235     0.          53.037558    -2.169573
   4.04699058   4.04699058]
174.0 1:[ 52.009865    -0.498833     0.          52.011002    -0.500007
   0.96188261   0.96188261]
1574.0 1:[ 55.971848    -3.244643     0.          55.951257    -3.21984      4.11906963
   4.11906963]
85.0 1:[ 55.842678    -3.048818     0.          55.841875    -3.047438
   0.11743916   0.11743916]
234.0 1:[ 51.286137    -0.747293     1.          51.275995    -0.748182
   0.98176648   0.98176648]
1543.0 1:[ 51.276012    -0.748242     0.          51.346827    -0.712748
   7.59812694   7.59812694]
181.0 1:[ 53.30221     -3.539017     0.          53.302712    -3.543243
   0.20629524   0.20629524]
