307.0 1:[ 50.802587    -0.80817      0.          50.811398    -0.77272      2.29969478
   2.29969478]
791.0 1:[ 51.435057    -0.873782     0.          51.434157    -0.902917
   5.46868786   5.46868786]
495.0 1:[ 56.398272    -3.470053     1.          56.403372    -3.4352       1.77215064
   1.77215064]
509.0 1:[ 51.378628    -0.212035     1.          51.366938    -0.178643
   2.25557743   2.25557743]
771.0 1:[ 51.347642    -0.1632       1.          51.366952    -0.178672
   2.49542671   2.49542671]
301.0 1:[ 51.760205    -0.33981      0.          51.767287    -0.32227      1.54535016
   1.54535016]
1809.0 1:[ 51.308733    -0.302503     0.          51.358247    -0.175898
   8.67620596   8.67620596]
1304.0 1:[ 51.988082    -0.233172     0.          51.988082    -0.233172
  10.27250855  10.27250855]
785.0 1:[ 51.980488    -0.225225     0.          51.980488    -0.225225
   2.95027042   2.95027042]
1824.0 1:[ 51.987813    -0.232938     0.          51.987813    -0.232938
   7.88395769   7.88395769]
277.0 1:[ 51.39336     -0.740922     1.          51.403052    -0.74867      0.98114511
   0.98114511]
499.0 1:[ 51.403102    -0.748508     0.          51.382602    -0.773012
   3.16899308   3.16899308]
149.0 1:[ 51.392933    -0.742352     0.          51.403142    -0.748728
   0.86681281   0.86681281]
590.0 1:[ 51.368712    -0.224402     1.          51.350847    -0.194602
   2.96953293   2.96953293]
1517.0 1:[ 51.418792    -0.777868     0.          51.51768     -0.728935
   9.89471487   9.89471487]
1854.0 1:[ 53.862397    -2.119858     0.          53.69092     -2.326907
  18.92385966  18.92385966]
387.0 1:[ 53.862485    -2.119852     0.          53.859695    -2.167015
   2.04368985   2.04368985]
2194.0 1:[ 51.590358    -1.278132     0.          51.463385    -1.014597
  23.49218066  23.49218066]
195.0 1:[ 53.564283    -0.62483      0.          53.563448    -0.636733
   0.53748608   0.53748608]
1656.0 1:[ 51.074132   -1.771637    0.         51.074427   -1.770632    9.5790583
   9.5790583]
151.0 1:[ 54.008445    -1.530015     0.          54.010608    -1.536958
   0.53748608   0.53748608]
3572.0 1:[ 51.405813    -0.065583     1.          51.330683     0.152513
  12.95621073  12.95621073]
1162.0 1:[ 52.01267      0.258335     0.          51.935738     0.347878
  12.67597232  12.67597232]
1578.0 1:[  5.15084000e+01  -5.05280000e-02   0.00000000e+00   5.15216700e+01
   6.95030000e-02   7.63230235e+00   7.63230235e+00]
2260.0 1:[  5.18725470e+01   3.56562000e-01   0.00000000e+00   5.16804780e+01
  -1.04570000e-02   3.27593106e+01   3.27593106e+01]
650.0 1:[ 51.522745    -0.714397     0.          51.52108     -0.752747
   2.04431122   2.04431122]
444.0 1:[ 55.927747    -3.157417     0.          55.94345     -3.183603
   1.86908455   1.86908455]
691.0 1:[ 55.882573    -3.087048     0.          55.84146     -3.040428
   3.73133401   3.73133401]
