789.0 1:[ 51.356818    1.400393    0.         51.349893    1.404572    1.7019357
   1.7019357]
533.0 1:[ 51.68014     -0.392822     0.          51.698398    -0.425278
   3.28643224   3.28643224]
275.0 1:[ 51.308908    -0.302685     0.          51.308908    -0.302685
   0.81772449   0.81772449]
273.0 1:[ 53.732003    -1.71757      0.          53.725007    -1.71554      0.91341565
   0.91341565]
1806.0 1:[ 53.723492    -1.946262     0.          53.744978    -1.648015
  15.02040583  15.02040583]
1076.0 1:[ 50.838448     0.473947     0.          50.874232     0.463927
   4.09545753   4.09545753]
6520.0 1:[ 50.874187     0.46395      0.          51.393337    -0.74074     88.30740973
  88.30740973]
2590.0 1:[ 53.623915    -2.176652     0.          53.862327    -2.11974     26.73635966
  26.73635966]
184.0 1:[  5.11075980e+01  -1.04515800e+00   1.00000000e+00   5.11075730e+01
  -1.04522200e+00   3.72822715e-03   3.72822715e-03]
1111.0 1:[ 51.43337     -1.075758     0.          51.479263    -1.04228      6.64680764
   6.64680764]
391.0 1:[ 51.618312    -0.765237     1.          51.633207    -0.769037
   1.52981588   1.52981588]
569.0 1:[ 53.715903    -1.801497     0.          53.698348    -1.778548
   1.87964786   1.87964786]
4408.0 1:[ 53.222045    -0.530588     0.          53.590295    -0.642773
  28.92793585  28.92793585]
1098.0 1:[ 53.978137    -1.521708     0.          54.008388    -1.530063
   2.95834825   2.95834825]
3149.0 1:[  5.20653430e+01   1.75372000e-01   0.00000000e+00   5.15512270e+01
  -1.87580000e-02   3.57953303e+01   3.57953303e+01]
610.0 1:[ 53.038333   -2.171173    1.         53.064072   -2.212525    3.0757874
   3.0757874]
3263.0 1:[ 53.981467   -1.571832    0.         54.246012   -1.06149    40.2337847
  40.2337847]
635.0 1:[ 51.357667    -0.696028     1.          51.306958    -0.750077
   4.52482502   4.52482502]
707.0 1:[ 51.351798    -0.662897     0.          51.31442     -0.746195
   4.95357114   4.95357114]
