474.0 1:[ 50.732043    -0.792833     0.          50.781422    -0.790143
   3.81894735   3.81894735]
735.0 1:[ 51.475418    -0.864097     0.          51.434187    -0.902858
   5.53890281   5.53890281]
1875.0 1:[ 51.517528    -0.59006      0.          51.468532    -0.773658
  17.06595979  17.06595979]
1823.0 1:[ 51.698555    -0.42584      0.          51.637923    -0.46853      6.11988487
   6.11988487]
461.0 1:[ 56.40282     -3.436043     0.          56.398328    -3.470137
   1.71871272   1.71871272]
3573.0 1:[ 51.760225    -0.339682     0.          51.637863    -0.468303
  13.98520142  13.98520142]
544.0 1:[ 52.29096     -0.667497     0.          52.330988    -0.616753
   5.72966376   5.72966376]
361.0 1:[ 53.723652    -1.946228     1.          53.730968    -1.983105
   1.67148851   1.67148851]
715.0 1:[ 53.72365     -1.946195     0.          53.724462    -1.887822
   4.25266444   4.25266444]
165.0 1:[ 53.732038    -1.717595     0.          53.735632    -1.721125
   0.58595303   0.58595303]
858.0 1:[ 51.924962    -0.218343     0.          51.924723    -0.218535
   5.59171936   5.59171936]
357.0 1:[ 51.987897    -0.232847     0.          51.987762    -0.23276      0.74005309
   0.74005309]
259.0 1:[ 51.987865    -0.232943     0.          51.987865    -0.232943
   1.07870039   1.07870039]
1933.0 1:[ 53.877992    -2.381123     0.          53.808015    -2.22457     11.31454804
  11.31454804]
121.0 1:[  5.11075950e+01  -1.04526200e+00   1.00000000e+00   5.11076070e+01
  -1.04518300e+00   7.45645431e-03   7.45645431e-03]
1049.0 1:[ 51.107637    -1.04514      1.          51.069842    -1.294037
  12.80708164  12.80708164]
2006.0 1:[ 51.467663    -0.974488     0.          51.479308    -1.042435
   5.34627774   5.34627774]
439.0 1:[ 51.479265    -1.041842     0.          51.483548    -1.085697
   2.16672135   2.16672135]
517.0 1:[ 51.479288    -1.042408     0.          51.479778    -1.041792
   2.17044957   2.17044957]
850.775 1:[  0.00000000e+00   0.00000000e+00   0.00000000e+00   5.14588250e+01
   2.00500000e-02   1.77587887e+00   1.77587887e+00]
471.0 1:[ 53.995943    -1.534638     0.          54.010562    -1.53693      1.74481031
   1.74481031]
3246.0 1:[  5.11826730e+01  -2.55270000e-02   0.00000000e+00   5.12774070e+01
  -2.09882000e-01   1.73176151e+01   1.73176151e+01]
1542.0 1:[ 51.748078     0.141595     0.          51.806942     0.133402
  14.46552136  14.46552136]
1723.0 1:[ 53.85998     -1.511218     0.          53.79638     -1.53732      5.62216655
   5.62216655]
275.0 1:[ 55.841537    -3.04047      0.          55.84267     -3.049027
   0.42998887   0.42998887]
493.0 1:[ 55.974555    -3.164933     0.          55.95856     -3.122363
   2.10644834   2.10644834]
1460.0 1:[ 51.40854     -0.214597     1.          51.373173    -0.118865
   6.04904856   6.04904856]
520.0 1:[ 51.394017    -0.206577     0.          51.408512    -0.214675
   2.08407898   2.08407898]
450.0 1:[ 51.283398    -0.767702     1.          51.27598     -0.748192
   2.40159966   2.40159966]
45.0 1:[  5.33026380e+01  -3.54290700e+00   0.00000000e+00   5.33027420e+01
  -3.54314700e+00   3.72822715e-03   3.72822715e-03]
1383.0 1:[ 50.106868    -5.121777     0.          50.095163    -5.205183
   5.37983178   5.37983178]
