131.0 1:[ 50.889455     0.324412     1.          50.889562     0.320493
   0.30012229   0.30012229]
1120.0 1:[ 51.434242    -0.903022     1.          51.43093     -1.04879      8.63333134
   8.63333134]
2039.0 1:[ 51.699005    -0.42577      0.          51.63793     -0.468523
   6.14536109   6.14536109]
466.0 1:[ 51.368315    -0.157692     1.          51.367482    -0.178483
   1.50620377   1.50620377]
476.0 1:[ 51.366947    -0.178662     1.          51.368548    -0.15778      1.50620377
   1.50620377]
781.0 1:[ 52.375538    -0.720015     0.          52.331043    -0.61675      6.78599479
   6.78599479]
306.0 1:[ 53.723538    -1.946277     0.          53.730993    -1.981642
   1.63482761   1.63482761]
1565.0 1:[ 51.631343    -3.00656      0.          51.567282    -3.23098     20.46486022
  20.46486022]
703.0 1:[ 51.350738    -0.194492     0.          51.336832    -0.25888      4.29118945
   4.29118945]
2386.0 1:[ 51.56937      0.147333     0.          51.569115     0.147095
   3.80527718   3.80527718]
798.0 1:[ 51.418865    -0.777882     0.          51.418743    -0.777913
   3.95999861   3.95999861]
562.0 1:[ 51.426862    -0.732428     0.          51.41876     -0.777863
   3.14662372   3.14662372]
2598.0 1:[ 51.21693    -0.80526     0.         51.41878    -0.77789    22.1928935
  22.1928935]
1876.0 1:[ 53.63115     -2.328555     1.          53.802055    -2.22682     17.01562873
  17.01562873]
890.0 1:[ 53.909445    -2.17877      0.          53.862305    -2.119818
   5.81851984   5.81851984]
841.0 1:[ 51.555117    -0.611063     0.          51.5214      -0.638005
   3.42437664   3.42437664]
378.0 1:[ 51.483563    -1.085755     0.          51.483563    -1.085755
   2.19965402   2.19965402]
603.0 1:[ 51.536897    -1.024222     0.          51.517397    -0.981905
   3.18763422   3.18763422]
1808.0 1:[ 51.53676    -1.023967    0.         51.536805   -1.024137   14.0740575
  14.0740575]
695.0 1:[ 51.536757    -1.024135     0.          51.543173    -1.09794      4.01965024
   4.01965024]
1883.0 1:[ 51.53681     -1.023758     0.          51.536848    -1.024113
  13.67016623  13.67016623]
564.0 1:[ 53.715875    -1.801638     0.          53.738812    -1.828932
   2.53519446   2.53519446]
3529.0 1:[ 53.221997    -0.530527     0.          53.564255    -0.624758
  27.16199893  27.16199893]
62.0 1:[  5.10666270e+01  -1.84109300e+00   0.00000000e+00   0.00000000e+00
   0.00000000e+00   1.86411358e-02   1.86411358e-02]
940.0 1:[ 51.07404     -1.829645     0.          51.079393    -1.782273
   2.74086833   2.74086833]
214.0 1:[ 54.010607    -1.536805     0.          54.00839     -1.53009      0.42128967
   0.42128967]
1103.0 1:[ 54.001702    -1.503247     0.          53.978073    -1.521703
   3.34856935   3.34856935]
392.0 1:[ 55.88199     -3.08791      0.          55.870862    -3.100212
   1.28251014   1.28251014]
1341.0 1:[ 55.841362    -3.040458     0.          55.958675    -3.123138
  12.60078641  12.60078641]
1256.0 1:[ 53.324768    -3.83361      0.          53.302703    -3.543158
  15.11671836  15.11671836]
41.0 1:[  5.13575570e+01  -1.13283000e-01   0.00000000e+00   5.13581020e+01
  -1.13100000e-01   4.03891275e-02   4.03891275e-02]
