1579.0 1:[ 50.758948     0.206895     1.          50.889615     0.320537
  13.46014277  13.46014277]
998.0 1:[ 50.88966      0.320438     1.          50.844757     0.505023
   9.70146842   9.70146842]
1644.0 1:[  5.08647270e+01   2.60347000e-01   0.00000000e+00   5.08735170e+01
   1.51570000e-02   1.28897240e+01   1.28897240e+01]
797.0 1:[ 50.811407    -0.77272      0.          50.841325    -0.774912
   4.14516722   4.14516722]
833.0 1:[ 51.475267    -0.863745     0.          51.428518    -0.900003
   5.54325241   5.54325241]
854.0 1:[ 51.748558   -0.452832    0.         51.698597   -0.426223    6.4125507
   6.4125507]
2112.0 1:[ 56.494827    -2.983252     0.          56.39827     -3.470208
  25.54519108  25.54519108]
7319.0 1:[ 51.760228   -0.339617    0.         51.433462   -1.076045   51.3097262
  51.3097262]
352.0 1:[ 51.569778    -0.752093     0.          51.569858    -0.756237
   1.62053607   1.62053607]
3120.0 1:[ 53.731865    -1.71735      0.          53.723592    -1.946185
  11.37233556  11.37233556]
655.0 1:[ 53.723737    -1.946175     0.          53.724512    -1.88784      4.27130558
   4.27130558]
571.0 1:[ 51.537948    -3.26245      1.          51.567207    -3.230992
   4.42354152   4.42354152]
956.0 1:[ 51.567018    -3.230758     1.          51.591782    -3.218777
   8.91605524   8.91605524]
584.0 1:[ 51.567052    -3.230942     1.          51.590592    -3.199345
   2.71849897   2.71849897]
1735.0 1:[ 51.98783     -0.232853     1.          51.98783     -0.232853
  11.89863696  11.89863696]
2256.0 1:[ 51.351045    -0.194655     0.          51.350908    -0.194748
  11.17722501  11.17722501]
1419.0 1:[ 53.807993    -2.2246       0.          53.862283    -2.119865
   7.72923626   7.72923626]
2355.0 1:[ 53.862328   -2.119778    0.         53.878507   -2.382252   16.1513014
  16.1513014]
2877.0 1:[ 51.433928    -1.075698     0.          51.555005    -0.611135
  26.14046469  26.14046469]
1043.0 1:[ 51.479195    -1.042297     0.          51.433357    -1.07552      6.06271872
   6.06271872]
1645.0 1:[ 51.452098    -1.007052     0.          51.471222    -1.030078
   5.70418754   5.70418754]
205.0 1:[ 51.716728    -0.284692     1.          51.715712    -0.283188
   0.58160344   0.58160344]
164.0 1:[ 51.531175    -1.024152     0.          51.536818    -1.024122
   0.44552314   0.44552314]
3984.0 1:[ 51.536803    -1.0242       0.          51.41572     -0.78657     26.63507616
  26.63507616]
1114.0 1:[ 51.527032    -0.89267      0.          51.536823    -1.024148
   7.99766862   7.99766862]
2823.0 1:[ 53.564227   -0.624807    0.         53.239543   -0.514492   26.3169341
  26.3169341]
1735.0 1:[ 53.565882    -0.682925     0.          53.564248    -0.624748
   4.71185775   4.71185775]
725.0 1:[ 51.613805    -0.158663     0.          51.633743    -0.132663
   3.23423706   3.23423706]
486.0 1:[ 53.050617    -2.15277      0.          53.037577    -2.169965
   1.43847431   1.43847431]
1875.0 1:[ 53.860002    -1.511068     0.          53.796373    -1.53702      5.76321781
   5.76321781]
592.0 1:[ 53.859932    -1.511008     0.          53.843105    -1.549495
   3.30196652   3.30196652]
136.0 1:[ 52.108745    -0.784677     0.          52.239978    -0.930715
   0.30074366   0.30074366]
1164.0 1:[ 55.958705    -3.122418     0.          55.841465    -3.040432
  12.11114591  12.11114591]
1422.0 1:[ 55.958627   -3.122452    0.         55.841462   -3.040427   12.8188877
  12.8188877]
1321.0 1:[ 53.66642     -1.514213     0.          53.66642     -1.514213
  16.09537799  16.09537799]
