1915.0 1:[ 51.02165      0.274928     0.          50.889545     0.320472
  12.33918914  12.33918914]
9109.0 1:[  5.15115670e+01  -2.15913700e+00   0.00000000e+00   5.15272570e+01
  -8.77120000e-02   1.01458731e+02   1.01458731e+02]
1049.0 1:[ 50.811305    -0.772823     0.          50.850182    -0.617417
   9.87793784   9.87793784]
569.0 1:[ 50.81137     -0.772628     0.          50.841437    -0.77468      4.10726358
   4.10726358]
502.0 1:[ 51.361465     1.43674      0.           0.           0.           2.40532789
   2.40532789]
509.0 1:[ 51.361358     1.436818     0.          51.343485     1.417257
   2.42334765   2.42334765]
1557.0 1:[ 51.423085   -0.932758    1.         51.420683   -1.01018     8.5308051
   8.5308051]
426.0 1:[ 51.368533    -0.157663     1.          51.367332    -0.179058
   1.46954287   1.46954287]
80.0 1:[ 52.3755      -0.719108     0.          52.375538    -0.720003
   0.13297344   0.13297344]
430.0 1:[ 53.714335    -1.92083      0.          53.723607    -1.946238
   1.34899686   1.34899686]
1234.0 1:[ 52.044043    -0.355875     0.          51.987902    -0.232997
  10.24516822  10.24516822]
987.0 1:[ 51.987828    -0.232897     0.          51.987732    -0.23291      6.98607631
   6.98607631]
2094.0 1:[ 51.551728    -0.486302     1.          51.426255    -0.732043
  16.62167939  16.62167939]
1817.0 1:[ 51.40317     -0.748557     0.          51.403437    -0.848065
   7.83673348   7.83673348]
1447.0 1:[ 51.418858    -0.778055     0.          51.517785    -0.728748
   9.86116082   9.86116082]
234.0 1:[ 51.418037    -0.762068     0.          51.418327    -0.753463
   0.50082518   0.50082518]
1720.0 1:[ 50.860278    -0.752932     1.          50.923895    -0.822777
   7.88768591   7.88768591]
2566.0 1:[ 51.433548    -1.076085     0.          51.555013    -0.611122
  26.01432633  26.01432633]
817.0 1:[ 51.483468   -1.08562     0.         51.480112   -1.046515    6.1105643
   6.1105643]
870.0 1:[ 51.479428    -1.042125     0.          51.465408    -0.977562
   5.26549948   5.26549948]
6453.0 1:[ 51.887572    -0.511088     0.          51.503435    -1.0836      48.61670345
  48.61670345]
982.0 1:[ 51.479778    -1.041792     0.          51.483698    -1.085587
   4.59069037   4.59069037]
1411.0 1:[ 51.536932    -1.024017     0.          51.534118    -0.89433      9.24786745
   9.24786745]
439.0 1:[ 53.716075    -1.801452     0.          53.698173    -1.778643
   1.87902649   1.87902649]
422.0 1:[ 53.731035    -1.816443     0.          53.715905    -1.801655
   1.38814324   1.38814324]
328.0 1:[  5.11740330e+01  -1.84580000e-02   1.00000000e+00   5.11827530e+01
  -2.58150000e-02   8.28287799e-01   8.28287799e-01]
1169.0 1:[ 53.871937    -1.447568     0.          53.859807    -1.511        7.30981071
   7.30981071]
539.0 1:[ 55.841617    -3.040233     0.          55.871212    -3.102267
   3.44736737   3.44736737]
1227.0 1:[ 51.276023    -0.7481       0.          51.357693    -0.696015
   7.00906705   7.00906705]
540.0 1:[ 51.276022    -0.74823      0.          51.248955    -0.741262
   4.18431361   4.18431361]
2826.0 1:[ 53.302807    -3.54268      0.          53.324728    -3.834232
  19.52596834  19.52596834]
301.0 1:[ 51.249322    -0.207113     0.          51.24938     -0.206783
   1.13338105   1.13338105]
