2187.0 1:[ 50.811208    -0.772847     0.          50.768883    -0.77926     14.57301857
  14.57301857]
1673.0 1:[ 53.723625    -1.946083     1.          53.732053    -1.717545
  11.48169689  11.48169689]
2217.0 1:[ 53.714545    -1.878008     0.          53.732045    -1.717568
   8.13188479   8.13188479]
213.0 1:[ 51.403723    -0.848445     0.          51.403223    -0.847885
   0.61950708   0.61950708]
666.0 1:[ 51.359702    -0.216535     1.          51.35098     -0.19459      2.07537978
   2.07537978]
2271.0 1:[ 53.858668    -2.174718     0.          53.631115    -2.32861     20.94580152
  20.94580152]
261.0 1:[ 52.779023    -0.175402     1.          52.793388    -0.16355      1.49750457
   1.49750457]
1806.0 1:[ 51.42402    -0.931535    0.         51.44384    -1.060223    7.1849151
   7.1849151]
248.0 1:[ 51.070428    -1.78351      0.          51.074827    -1.77145      0.94448421
   0.94448421]
277.0 1:[ 51.070228    -1.78371      0.          51.07405     -1.772788
   0.96374672   0.96374672]
733.0 1:[  5.14057750e+01  -6.57350000e-02   1.00000000e+00   5.13975650e+01
  -4.94130000e-02   1.69882884e+00   1.69882884e+00]
103.0 1:[ 52.32472     -1.557968     0.          52.32496     -1.558507
   0.11681778   0.11681778]
463.0 1:[ 53.003207    -2.130743     0.          53.018852    -2.13477      2.54016543
   2.54016543]
442.0 1:[ 53.036782    -2.139732     0.          53.037237    -2.170285
   2.28788873   2.28788873]
907.0 1:[ 51.533555   -0.750355    0.         51.524083   -0.716657    3.1167979
   3.1167979]
248.0 1:[ 51.406342    -0.216377     0.          51.408433    -0.214657
   0.43309572   0.43309572]
243.0 1:[  5.12759270e+01  -7.48200000e-01   0.00000000e+00   5.12756550e+01
  -7.47458000e-01   4.53600970e-02   4.53600970e-02]
219.0 1:[ 53.302707    -3.543185     0.          53.305087    -3.524332
   0.97120317   0.97120317]
366.0 1:[ 53.305632    -3.524077     0.          53.311477    -3.52271      0.76428657
   0.76428657]
209.0 1:[ 53.676663    -1.501548     0.          53.667565    -1.513305
   1.13275968   1.13275968]
