508.0 1:[ 51.342052     1.416088     0.          51.361442     1.436695
   2.18971208   2.18971208]
1011.0 1:[ 51.45763     -1.044657     0.          51.41369     -0.954475
   8.65135111   8.65135111]
313.0 1:[ 51.422595   -1.033523    0.         51.433448   -1.075913    2.8968325
   2.8968325]
952.0 1:[ 52.299533   -0.614363    0.         52.330997   -0.616757    3.9407361
   3.9407361]
9637.0 1:[  51.527325    -1.729058     0.          51.315358    -0.334595
  111.1048974  111.1048974]
27.0 1:[  5.11075470e+01  -1.04515500e+00   1.00000000e+00   5.11075150e+01
  -1.04519000e+00   2.48548477e-03   2.48548477e-03]
3050.0 1:[ 51.555018    -0.611402     0.          51.499677    -0.217783
  24.67527141  24.67527141]
686.0 1:[  5.14588250e+01   2.00500000e-02   0.00000000e+00   5.14571150e+01
   3.09750000e-02   2.08345761e+00   2.08345761e+00]
2519.0 1:[ 53.564283    -0.624763     1.          53.239538    -0.514405
  26.29083651  26.29083651]
77.0 1:[ 53.978207   -1.521692    0.         53.977702   -1.52131     0.0689722
   0.0689722]
1036.0 1:[  5.11304850e+01  -1.76770000e-02   0.00000000e+00   5.11827430e+01
  -2.58650000e-02   4.83302513e+00   4.83302513e+00]
991.0 1:[ 51.871723     0.35658      0.          51.87233      0.356212
   1.93122167   1.93122167]
124.0 1:[ 52.024298    -0.783532     0.          52.025983    -0.790797
   0.42688201   0.42688201]
987.0 1:[ 55.884638    -3.164662     0.          55.886672    -3.157977
   0.49709695   0.49709695]
623.0 1:[ 51.408535    -0.214597     0.          51.401453    -0.240392
   1.45400859   1.45400859]
2176.0 1:[ 53.302682    -3.543277     0.          53.325925    -3.835213
  17.77991529  17.77991529]
1446.0 1:[ 51.236753    -0.20655      0.          51.248923    -0.202297
   3.35664718   3.35664718]
930.0 1:[ 51.239552    -0.170688     0.          51.239537    -0.170373
   2.77690786   2.77690786]
1469.0 1:[ 53.66878     -1.52545      0.          53.669707    -1.510473
  12.45538555  12.45538555]
