916.0 1:[ 50.966045     0.277758     1.          50.889588     0.320493
   7.15446791   7.15446791]
2530.0 1:[ 50.889868   0.320707   0.        50.863925   0.256517  18.929452
  18.929452]
395.0 1:[ 50.811317    -0.772682     0.          50.835353    -0.759697
   2.46125129   2.46125129]
180.0 1:[ 51.423048    -0.934047     1.          51.423048    -0.934047
   0.41445459   0.41445459]
2033.0 1:[ 53.732058    -1.717327     0.          53.71476     -1.878228
   8.56684463   8.56684463]
1135.0 1:[ 52.044032    -0.355483     0.          51.987845    -0.232912
  10.30606259  10.30606259]
477.0 1:[ 51.403035    -0.748443     1.          51.401317    -0.752272
   1.89704625   1.89704625]
444.0 1:[ 51.403107    -0.748705     0.          51.393128    -0.740588
   1.89891036   1.89891036]
5608.0 1:[ 51.35079     -0.19444      0.          51.58975      0.492702
  52.74136543  52.74136543]
128.0 1:[  5.11074770e+01  -1.04505000e+00   1.00000000e+00   5.11075500e+01
  -1.04524800e+00   4.97096954e-03   4.97096954e-03]
2749.0 1:[ 51.295123    -0.854688     1.          51.107527    -1.045257
  37.51280025  37.51280025]
574.0 1:[ 51.423308    -1.037217     0.          51.433887    -1.0757       3.28456812
   3.28456812]
2237.0 1:[ 51.671308    -0.276305     1.          51.581182    -0.21236      9.55482482
   9.55482482]
134.0 1:[ 51.536845    -1.024125     0.          51.531173    -1.024127
   0.44303766   0.44303766]
123.0 1:[ 51.531112    -1.024187     0.          51.536803    -1.02413      0.43185298
   0.43185298]
497.0 1:[  5.15368780e+01  -1.02412500e+00   0.00000000e+00   5.15366950e+01
  -1.02410500e+00   1.49129086e-02   1.49129086e-02]
773.0 1:[ 52.808357    -0.1431       1.          52.779023    -0.175402
   3.29885966   3.29885966]
405.0 1:[ 53.715855    -1.801727     0.          53.698275    -1.778068
   1.84360833   1.84360833]
435.0 1:[ 51.0616      -1.774937     1.          51.074397    -1.771823
   1.66216794   1.66216794]
388.0 1:[ 51.07413     -1.771723     0.          51.074377    -1.770698
   1.75226676   1.75226676]
545.0 1:[ 51.074092   -1.771807    0.         51.075727   -1.800418    2.0772439
   2.0772439]
1594.0 1:[  5.11255180e+01  -1.79520000e-02   0.00000000e+00   5.11827450e+01
  -2.58050000e-02   1.00295524e+01   1.00295524e+01]
1753.0 1:[ 55.882968   -3.165485    1.         55.841462   -3.040392    9.4001034
   9.4001034]
1259.0 1:[ 55.841563    -3.040433     0.          55.917638    -3.136562
   7.30670385   7.30670385]
224.0 1:[ 51.405812    -0.065845     0.          51.412185    -0.065093
   0.61453611   0.61453611]
