1591.0 1:[ 51.58005     -1.768863     0.          51.483485    -1.558237
  19.05310487  19.05310487]
35.0 1:[  5.16379580e+01  -4.68452000e-01   0.00000000e+00   5.16379450e+01
  -4.68437000e-01   1.24274238e-03   1.24274238e-03]
2897.0 1:[ 51.698747    -0.426315     0.          51.423062    -1.037443
  44.68653066  44.68653066]
82.0 1:[ 51.460875    -3.16764      0.          51.460875    -3.16764      0.11122544
   0.11122544]
2111.0 1:[ 53.732053    -1.717423     1.          53.723613    -1.946222
  11.39905452  11.39905452]
487.0 1:[ 51.981422    -0.202842     0.          51.987802    -0.23297      1.99584427
   1.99584427]
266.0 1:[ 51.847785   -2.17217     1.         51.84868    -2.178727    0.7506164
   0.7506164]
272.0 1:[ 51.292957    -1.069125     0.          51.293243    -1.069228
   1.28934522   1.28934522]
1270.0 1:[ 51.390107    -0.115948     1.          51.350668    -0.194318
   5.95708562   5.95708562]
1496.0 1:[ 51.5178      -0.728663     0.          51.418753    -0.777882
   9.97487175   9.97487175]
2322.0 1:[ 53.878072    -2.381142     0.          53.859885    -2.167037
  17.15357313  17.15357313]
754.0 1:[ 51.433318    -1.075978     0.          51.396445    -1.062592
   3.86803567   3.86803567]
1912.0 1:[ 51.536832   -1.024095    0.         51.433303   -1.076097   11.3456166
  11.3456166]
545.0 1:[ 52.779187    -0.175417     1.          52.810493    -0.138145
   3.32868548   3.32868548]
1028.0 1:[ 51.433377    -1.075485     0.          51.412788    -0.946418
   8.39348206   8.39348206]
347.0 1:[ 51.405003    -0.973752     0.          51.412702    -0.946462
   1.74791716   1.74791716]
2854.0 1:[ 53.22207     -0.530742     0.          53.564083    -0.624705
  27.24401992  27.24401992]
479.0 1:[ 51.062498    -1.774208     1.          51.061163    -1.775592
   2.04555396   2.04555396]
566.0 1:[ 51.078675   -1.802102    0.         51.074103   -1.771718    2.0318838
   2.0318838]
173.0 1:[  5.11827370e+01  -2.58800000e-02   1.00000000e+00   5.11827580e+01
  -2.58180000e-02   1.80197646e-02   1.80197646e-02]
1572.0 1:[ 51.367675    -0.11801      1.          51.40584     -0.065605
   4.75597511   4.75597511]
4123.0 1:[ 51.405945    -0.066022     0.          51.518417    -0.172743
  10.57635906  10.57635906]
7126.0 1:[  51.433688     -1.076         0.           52.44876      -1.49382
  110.58480971  110.58480971]
157.0 1:[ 51.873457     0.346098     0.          51.873457     0.346098
   0.63317724   0.63317724]
687.0 1:[ 51.52271     -0.714422     0.          51.52108     -0.75274      2.01697089
   2.01697089]
552.0 1:[ 53.860043    -1.51073      0.          53.842823    -1.551292
   3.28394675   3.28394675]
351.0 1:[ 53.839785   -1.503363    0.         53.859832   -1.511137    1.9045027
   1.9045027]
53.0 1:[  5.59282050e+01  -3.15764800e+00   0.00000000e+00   5.59278880e+01
  -3.15723200e+00   3.60395291e-02   3.60395291e-02]
726.0 1:[ 55.935425    -3.103157     0.          55.958597    -3.122412
   2.86949217   2.86949217]
1171.0 1:[ 55.958793   -3.123192    0.         55.841473   -3.040412   12.0465233
  12.0465233]
539.0 1:[ 51.42612     -0.20066      1.          51.408473    -0.214668
   1.76717967   1.76717967]
32.0 1:[  5.13548970e+01  -6.03998000e-01   1.00000000e+00   5.13549100e+01
  -6.03907000e-01   6.83508311e-03   6.83508311e-03]
1261.0 1:[ 51.3715      -0.68506      0.          51.275988    -0.748177
   7.99953273   7.99953273]
588.0 1:[ 51.249865    -0.771067     0.          51.275947    -0.748135
   3.14103138   3.14103138]
88.0 1:[ 53.302238    -3.539765     0.          53.30243     -3.54024      0.08388511
   0.08388511]
