1310.0 1:[ 51.634408    -0.489088     0.          51.698547    -0.42617      6.91337588
   6.91337588]
599.0 1:[ 52.3535      -0.545572     0.          52.330942    -0.616668
   4.82556868   4.82556868]
1189.0 1:[ 51.30908     -0.30206      0.          51.299792    -0.45847     10.69069136
  10.69069136]
9393.0 1:[  51.405225     -0.747568      0.           51.479048     -3.173793
  118.59055615  118.59055615]
306.0 1:[ 51.403475    -0.848275     0.          51.403443    -0.847877
   0.88048298   0.88048298]
1834.0 1:[ 51.350863   -0.194173    0.         51.369628   -0.081933    9.3870546
   9.3870546]
325.0 1:[ 54.579722    -1.304295     0.          54.585467    -1.31416      1.15885727
   1.15885727]
3032.0 1:[ 51.479215    -1.042465     0.          51.410365    -0.67717     19.06056132
  19.06056132]
321.0 1:[ 51.673717    -0.275483     1.          51.674507    -0.274478
   1.28064603   1.28064603]
4374.0 1:[ 51.537168    -1.023712     0.          51.536865    -1.02412     29.40017796
  29.40017796]
5747.0 1:[ 53.71597     -1.801713     0.          53.873072    -1.665267
  37.28662113  37.28662113]
1318.0 1:[ 51.412758   -0.94639     0.         51.433508   -1.076032    8.0455142
   8.0455142]
520.0 1:[ 51.074065    -1.771723     0.          51.062775    -1.774238
   2.11514754   2.11514754]
288.0 1:[  5.45651830e+01  -5.97950800e+00   0.00000000e+00   5.45653150e+01
  -5.97936700e+00   1.05633103e-02   1.05633103e-02]
1181.0 1:[  5.11154970e+01  -1.84117000e-01   1.00000000e+00   5.11827480e+01
  -2.57720000e-02   9.48026028e+00   9.48026028e+00]
847.0 1:[ 53.037502    -2.169793     1.          53.06415     -2.212597
   3.16526485   3.16526485]
98.0 1:[ 55.870862   -3.100212    0.         55.871245   -3.102405    0.1876541
   0.1876541]
577.0 1:[ 55.8415      -3.040528     0.          55.871353    -3.102367
   3.45420246   3.45420246]
1747.0 1:[ 53.285373    -3.586327     0.          53.324758    -3.833622
  13.61672831  13.61672831]
1128.0 1:[ 51.249417    -0.207003     0.          51.249378    -0.207077
   7.84543267   7.84543267]
