2179.0 1:[ 51.8201      -0.318632     0.          51.698588    -0.426187
  13.77517796  13.77517796]
1281.0 1:[ 51.63784     -0.46858      0.          51.687627    -0.432908
   6.14908932   6.14908932]
361.0 1:[ 51.760187    -0.339873     0.          51.764733    -0.307743
   1.84485107   1.84485107]
509.0 1:[ 51.490548    -0.871477     0.          51.47251     -0.859147
   2.04990356   2.04990356]
376.0 1:[ 51.489968    -0.87301      0.          51.472505    -0.859162
   1.76966516   1.76966516]
117.0 1:[ 52.326262    -0.61141      0.          52.33107     -0.616733
   0.46540702   0.46540702]
519.0 1:[ 52.401838    -0.742153     0.          52.375965    -0.721068
   4.42229878   4.42229878]
435.0 1:[ 52.298563    -0.61641      0.          52.331037    -0.616767
   3.39641494   3.39641494]
298.0 1:[ 53.724863   -1.715518    1.         53.732067   -1.717553    0.7785781
   0.7785781]
550.0 1:[ 51.987832    -0.232947     0.          51.987788    -0.23291      1.31730693
   1.31730693]
104.0 1:[ 51.403102    -0.748672     0.          51.405175    -0.74788      0.22120814
   0.22120814]
158.0 1:[ 51.34387     -0.19982      0.          51.35067     -0.19492      0.66735266
   0.66735266]
242.0 1:[ 51.347253    -0.208522     0.          51.350712    -0.194815
   1.47140698   1.47140698]
385.0 1:[ 51.565612     0.093045     0.          51.561313     0.076735
   0.41010499   0.41010499]
6320.0 1:[ 51.43333     -1.07597      0.          51.467698    -0.217258
  44.14034538  44.14034538]
505.0 1:[ 53.564237    -0.624797     0.          53.588492    -0.654977
   2.49915494   2.49915494]
52.0 1:[  5.10666650e+01  -1.84097000e+00   0.00000000e+00   5.10666080e+01
  -1.84109700e+00   1.67770222e-02   1.67770222e-02]
1061.0 1:[ 54.572627    -6.007202     0.          54.596457    -5.934843
   5.76756741   5.76756741]
631.0 1:[ 54.010675    -1.536912     0.          53.995943    -1.534638
   1.85479301   1.85479301]
2645.0 1:[  5.11827570e+01  -2.58030000e-02   0.00000000e+00   5.12771300e+01
  -2.09697000e-01   1.70560179e+01   1.70560179e+01]
1011.0 1:[ 51.414505    -0.053003     1.          51.454033    -0.057768
   4.16877933   4.16877933]
572.0 1:[ 55.840895    -3.042207     0.          55.87121     -3.10226      3.27462618
   3.27462618]
1381.0 1:[ 55.84148     -3.040312     0.          55.958923    -3.123208
  11.99308538  11.99308538]
933.0 1:[ 51.39396     -0.20673      0.          51.40849     -0.214723
   2.08780721   2.08780721]
2345.0 1:[ 51.408597    -0.214732     0.          51.347828    -0.14831      6.57410721
   6.57410721]
723.0 1:[ 51.335082    -0.761095     1.          51.288967    -0.763838
   4.24645073   4.24645073]
1375.0 1:[ 51.354988    -0.604018     1.          51.275972    -0.748165
  11.23625527  11.23625527]
248.0 1:[ 53.30493     -3.524015     0.          53.305085    -3.524587
   0.09755528   0.09755528]
1886.0 1:[ 53.324572    -3.833782     0.          53.302692    -3.543233
  15.32922731  15.32922731]
342.0 1:[ 51.4089      -0.094358     1.          51.40909     -0.096157
   1.05508828   1.05508828]
