1060.0 1:[ 51.454712   -1.045848    0.         51.454712   -1.045848    8.3798119
   8.3798119]
36.0 1:[  5.14342130e+01  -9.03067000e-01   0.00000000e+00   5.14342780e+01
  -9.02962000e-01   1.86411358e-03   1.86411358e-03]
188.0 1:[ 51.699083  -0.434053   0.        51.698522  -0.426208   0.89726    0.89726 ]
248.212 1:[ 0.          0.          0.          0.          0.          1.01904876
  1.01904876]
577.0 1:[ 51.381187    -0.184892     0.          51.350612    -0.19502      2.66878927
   2.66878927]
504.0 1:[ 53.862363    -2.11982      1.          53.85862     -2.174955
   2.30280164   2.30280164]
10538.0 1:[  53.417042     -2.639342      0.           51.738683     -1.09976
  155.34590492  155.34590492]
2245.0 1:[ 51.433375    -1.076042     0.          51.555027    -0.611145
  26.07397797  26.07397797]
169.0 1:[ 51.479072    -1.042403     0.          51.479632    -1.041635
   0.11681778   0.11681778]
1251.0 1:[ 51.391175    -2.35145      0.          51.38186     -2.367813
   1.69510061   1.69510061]
176.0 1:[ 51.550887    -1.016365     0.          51.53683     -1.024122
   1.03893263   1.03893263]
47.0 1:[  5.15205220e+01  -6.48848000e-01   0.00000000e+00   5.15207430e+01
  -6.48753000e-01   6.83508311e-03   6.83508311e-03]
634.0 1:[ 51.631665    -0.756358     1.          51.633527    -0.770773
   2.92106597   2.92106597]
1838.0 1:[ 53.836732    -1.745142     0.          53.766027    -1.678965
  10.21285692  10.21285692]
34.0 1:[  5.36972830e+01  -1.77510200e+00   0.00000000e+00   5.36972870e+01
  -1.77456200e+00   8.69919669e-03   8.69919669e-03]
185.0 1:[  5.14335880e+01  -1.07599000e+00   0.00000000e+00   5.14335770e+01
  -1.07600800e+00   9.32056788e-03   9.32056788e-03]
281.0 1:[ 55.08626     -1.585883     0.          55.100888    -1.590985
   1.73797522   1.73797522]
1644.0 1:[ 51.427643    -0.978658     0.          51.533512    -0.75041     19.12021296
  19.12021296]
258.0 1:[ 51.524495    -0.725847     0.          51.53351     -0.750412
   1.84174421   1.84174421]
6698.0 1:[ 50.1262      -5.478283     0.          50.719575    -3.851805
  90.42939235  90.42939235]
705.0 1:[ 55.841508    -3.040433     0.          55.87088     -3.100228
   3.47843593   3.47843593]
1339.0 1:[ 55.924623    -3.273585     0.          55.895435    -3.5133      11.38103476
  11.38103476]
577.0 1:[ 55.954723    -3.144218     0.          55.949645    -3.183732
   1.82496719   1.82496719]
1195.0 1:[ 51.414213    -0.101938     1.          51.396757    -0.094358
   2.71104251   2.71104251]
242.0 1:[ 53.663427    -1.505247     0.          53.66342     -1.505345
   1.07994313   1.07994313]
