1276.0 1:[ 50.852918    -0.94563      0.          50.815562    -1.16042     14.14675793
  14.14675793]
74.0 1:[  5.14270380e+01  -9.36418000e-01   1.00000000e+00   5.14272420e+01
  -9.36297000e-01   3.41754156e-02   3.41754156e-02]
340.0 1:[ 51.423517    -0.932142     0.          51.43423     -0.902908
   1.80011234   1.80011234]
3370.0 1:[ 55.947865    -3.363593     0.          56.398287    -3.4702      45.67637497
  45.67637497]
6115.0 1:[ 51.760168    -0.339265     0.          51.422592    -1.03352     48.87208701
  48.87208701]
1336.0 1:[ 52.402977    -0.743648     0.          52.330988    -0.61678     11.06786368
  11.06786368]
337.0 1:[ 51.567302   -3.231055    0.         51.57272    -3.22218     1.0526028
   1.0526028]
1960.0 1:[ 51.669678    -0.156773     0.          51.669712    -0.156852
  26.86622624  26.86622624]
249.0 1:[ 51.987488   -0.232807    0.         51.98151    -0.232157    0.7052563
   0.7052563]
534.0 1:[ 51.427328   -0.731665    1.         51.40132    -0.75231     3.3734242
   3.3734242]
9169.0 1:[  51.480098     -3.174373      0.           51.403143     -0.748707
  127.01510678  127.01510678]
488.0 1:[ 51.415593    -0.745093     0.          51.418772    -0.777838
   2.10458423   2.10458423]
503.0 1:[ 51.418905    -0.777345     0.          51.415855    -0.744868
   1.85852124   1.85852124]
481.0 1:[ 51.644902    -0.255333     0.          51.617712    -0.27844      3.01489302
   3.01489302]
773.0 1:[ 51.412792    -0.946338     0.          51.433295    -1.075782
   7.55090273   7.55090273]
834.0 1:[ 53.564313    -0.625025     1.          53.56424     -0.624788
   3.89226915   3.89226915]
1064.0 1:[ 54.577427    -5.962205     0.          54.57263     -6.007148
   2.74646067   2.74646067]
312.0 1:[ 51.405917    -0.065833     1.          51.41071     -0.065348
   0.68102283   0.68102283]
4501.0 1:[ 51.52122     -0.105842     0.          51.572572    -0.072797
  16.29545952  16.29545952]
1605.0 1:[  5.16811250e+01  -2.68000000e-03   0.00000000e+00   5.17735750e+01
   1.61408000e-01   2.68065746e+01   2.68065746e+01]
128.0 1:[ 53.037543    -2.16985      1.          53.038317    -2.171107
   0.40016305   0.40016305]
710.0 1:[ 53.017512    -2.133282     0.          53.037545    -2.169942
   2.37550207   2.37550207]
549.0 1:[  5.14916800e+01   1.01470000e-02   0.00000000e+00   5.14597770e+01
   2.42220000e-02   3.17147857e+00   3.17147857e+00]
601.0 1:[ 51.425943    -0.200845     0.          51.408475    -0.214673
   1.74481031   1.74481031]
904.0 1:[ 53.285928    -3.790507     0.          53.30261     -3.542973
  11.26048875  11.26048875]
605.0 1:[ 51.242718    -0.205633     0.          51.242718    -0.205633
   1.39622107   1.39622107]
423.0 1:[ 51.408597    -0.094468     1.          51.409258    -0.094685
   1.36266702   1.36266702]
2699.0 1:[ 51.100505    -1.787982     0.          51.08589     -1.775623
  20.27844886  20.27844886]
