621.0 1:[ 51.383765    1.38949     0.         51.384322    1.387067    3.2547423
   3.2547423]
1532.0 1:[ 51.437607    -1.075175     0.          51.472405    -0.859138
  16.39922851  16.39922851]
208.0 1:[ 53.732213    -1.717327     1.          53.735778    -1.721        0.57973932
   0.57973932]
2581.0 1:[ 53.732058   -1.717665    0.         53.723613   -1.946167   11.3089557
  11.3089557]
536.0 1:[ 51.567178    -3.23116      1.          51.590818    -3.199335
   2.72471268   2.72471268]
500.0 1:[ 51.590977    -3.199307     1.          51.567215    -3.231023
   2.83220989   2.83220989]
661.0 1:[ 51.97878     -0.231488     1.          51.985363    -0.184963
   3.01427165   3.01427165]
1353.0 1:[ 51.40329     -0.848423     1.          51.402948    -0.748585
   5.99312515   5.99312515]
442.0 1:[ 51.369355  -0.793393   0.        51.403153  -0.748753   3.446746
   3.446746]
1267.0 1:[ 51.517622    -0.72931      0.          51.426738    -0.732405
   8.23130418   8.23130418]
1259.0 1:[ 51.479288    -1.042272     0.          51.434783    -0.96946      6.07266066
   6.07266066]
2144.0 1:[ 52.779058    -0.17526      0.          52.570817    -0.219792
  20.10322218  20.10322218]
479.0 1:[ 53.69842     -1.777485     0.          53.715885    -1.801657
   1.75848047   1.75848047]
743.0 1:[ 53.715887    -1.801625     0.          53.698153    -1.776357
   2.15553667   2.15553667]
1819.0 1:[ 53.595252    -0.649725     1.          53.679075    -0.444372
  13.61983516  13.61983516]
440.0 1:[ 53.56425     -0.624813     0.          53.564085    -0.61545      2.18660523
   2.18660523]
249.0 1:[ 51.069718    -1.79376      0.          51.069718    -1.79376      1.21353794
   1.21353794]
611.0 1:[ 51.067205    -1.794045     0.          51.074142    -1.771722
   1.54783564   1.54783564]
1163.0 1:[ 53.977657    -1.521252     0.          54.008335    -1.53009      2.98879543
   2.98879543]
1439.0 1:[ 51.689433    0.136055    0.         51.873925    0.346438   13.8348296
  13.8348296]
923.0 1:[ 53.037542    -2.169935     1.          53.024112    -2.205965
   4.20792571   4.20792571]
694.616 1:[  0.           0.           0.          51.51765     -0.716133
   1.80259783   1.80259783]
1921.0 1:[ 53.796925    -1.53709      0.          53.8598      -1.51106      6.26839259
   6.26839259]
654.0 1:[ 51.315422    -0.743467     1.          51.276007    -0.748205
   3.10996282   3.10996282]
659.0 1:[ 51.27592     -0.747717     1.          51.304212    -0.723657
   3.36845323   3.36845323]
674.0 1:[ 51.31441     -0.74625      0.          51.27604     -0.748188
   3.30258789   3.30258789]
65.0 1:[  5.33050930e+01  -3.52426800e+00   0.00000000e+00   5.33050800e+01
  -3.52451200e+00   1.36701662e-02   1.36701662e-02]
