557.0 1:[ 50.889573     0.3205       1.          50.889488     0.26945      3.72449893
   3.72449893]
532.0 1:[ 50.844092    -0.755643     0.          50.842848    -0.755738
   0.46727114   0.46727114]
245.0 1:[ 50.826613   -0.77691     0.         50.811375   -0.772752    1.8311809
   1.8311809]
2391.0 1:[ 51.698553    -0.426178     0.          51.637943    -0.468477
   6.15654577   6.15654577]
232.0 1:[ 53.72485    -1.715592    0.         53.732017   -1.717617    0.7829277
   0.7829277]
2230.0 1:[ 53.732147    -1.717617     0.          53.72469     -1.887785
   9.27458642   9.27458642]
4787.0 1:[ 53.723605    -1.946262     0.          53.73209     -1.717568
  11.01318301  11.01318301]
825.0 1:[ 51.569257     0.12225      0.          51.56914      0.147075
   2.60789489   2.60789489]
884.0 1:[ 51.61767     -0.278435     1.          51.61753     -0.278258
   5.55133023   5.55133023]
289.0 1:[ 51.396473    -1.062522     0.          51.394658    -1.089775
   2.23569355   2.23569355]
622.0 1:[ 51.517512    -0.981917     0.          51.536815    -1.02414      3.22553786
   3.22553786]
216.0 1:[ 53.563415    -0.636735     0.          53.564262    -0.624815
   0.71519824   0.71519824]
142.0 1:[  5.11750370e+01  -2.09170000e-02   1.00000000e+00   5.11827450e+01
  -2.58220000e-02   7.19547841e-01   7.19547841e-01]
996.0 1:[ 52.201548    -1.71726      0.          52.201603    -1.717005
  11.93902609  11.93902609]
1802.0 1:[ 53.859837    -1.510907     0.          53.796925    -1.53709      5.56810725
   5.56810725]
620.0 1:[ 53.8598      -1.511223     0.          53.842907    -1.54962      3.40759962
   3.40759962]
1545.0 1:[ 51.40861     -0.21471      1.          51.413692    -0.18639      2.69799372
   2.69799372]
76.0 1:[  5.00523130e+01  -5.09038700e+00   0.00000000e+00   5.00522600e+01
  -5.08998300e+00   2.48548477e-02   2.48548477e-02]
