2507.0 1:[ 51.474953   -0.865903    0.         51.520252   -0.591543   16.9665404
  16.9665404]
695.0 1:[ 56.398292    -3.470182     0.          56.395218    -3.436315
   1.54348604   1.54348604]
310.0 1:[ 51.888322    -0.37203      0.          51.901683    -0.38789      1.48756263
   1.48756263]
532.0 1:[ 53.724657    -1.887858     0.          53.714572    -1.878007
   1.55964169   1.55964169]
4956.0 1:[ 51.567223    -3.231035     1.          51.51149     -1.768792
  76.96117176  76.96117176]
1302.0 1:[ 51.987887   -0.23246     0.         52.043923   -0.355848   10.2930138
  10.2930138]
440.0 1:[ 51.983053    -0.223765     0.          51.987735    -0.232812
   0.91590114   0.91590114]
929.0 1:[ 50.460223    -3.518928     0.          50.48417     -3.546757
   3.01799988   3.01799988]
1482.0 1:[ 53.858578    -2.174967     1.          53.690917    -2.326917
  16.54276525  16.54276525]
1589.0 1:[ 53.69071     -2.32698      1.          53.859882    -2.166972
  16.99885171  16.99885171]
2466.0 1:[ 53.630953   -2.328438    0.         53.862347   -2.1198     23.3877903
  23.3877903]
865.0 1:[ 51.433365    -1.075762     0.          51.433365    -1.076155
   6.69713871   6.69713871]
1542.0 1:[ 51.479177    -1.042333     0.          51.459685    -0.99743      5.53766007
   5.53766007]
4470.0 1:[ 51.637852    -0.467398     0.          51.429227    -1.046157
  46.41456395  46.41456395]
737.0 1:[ 51.396477    -1.062428     0.          51.437515    -1.075432
   5.11699177   5.11699177]
987.0 1:[ 53.71589     -1.801557     1.          53.783293    -1.878433
   6.07141792   6.07141792]
459.0 1:[ 53.715873    -1.801642     0.          53.703702    -1.776823
   1.61805058   1.61805058]
954.0 1:[ 51.412822    -0.94644      1.          51.342082    -0.824495
   9.59894218   9.59894218]
2894.0 1:[ 53.239428    -0.514422     1.          53.564248    -0.624757
  26.19949495  26.19949495]
1559.0 1:[  5.12772780e+01  -2.09763000e-01   0.00000000e+00   5.11826470e+01
  -2.58550000e-02   1.38658982e+01   1.38658982e+01]
4691.0 1:[ 51.405792    -0.065762     1.          51.381795    -0.124983
   6.72447904   6.72447904]
558.0 1:[ 55.108382    -1.499915     0.          55.072583    -1.524448
   4.00535871   4.00535871]
639.0 1:[ 53.064288   -2.212793    1.         53.037612   -2.170007    3.0304273
   3.0304273]
650.0 1:[ 51.483433    -0.614145     0.          51.487498    -0.636797
   1.18122664   1.18122664]
1297.0 1:[ 55.84143     -3.040365     0.          55.958413    -3.12266     12.06454307
  12.06454307]
315.0 1:[ 51.39895     -0.100988     1.          51.398323    -0.100862
   1.00599996   1.00599996]
