539.0 1:[ 50.87255      0.609092     1.          50.877198     0.535237
   4.57142786   4.57142786]
1473.0 1:[ 51.698507    -0.425988     0.          51.637943    -0.468528
   6.18699296   6.18699296]
1652.0 1:[ 56.398352    -3.47022      0.          56.475072    -3.049655
  21.76663286  21.76663286]
733.0 1:[ 52.331162    -0.61662      0.          52.29106     -0.667453
   6.42622087   6.42622087]
507.0 1:[ 53.71447     -1.877845     1.          53.723648    -1.946142
   3.46911537   3.46911537]
234.0 1:[ 51.98761     -0.233078     1.          51.98254     -0.232817
   0.70774179   0.70774179]
1119.0 1:[ 52.0439      -0.355717     0.          51.987848    -0.232907
  10.15258391  10.15258391]
217.0 1:[ 51.981107    -0.229523     0.          51.98751     -0.233738
   0.74750954   0.74750954]
6594.0 1:[ 53.13875     -2.337295     1.          53.434735    -2.934942
  40.19215283  40.19215283]
1540.0 1:[ 51.517618    -0.729327     0.          51.418743    -0.777885
  13.40856896  13.40856896]
68.0 1:[ 53.878507    -2.382257     0.          53.878023    -2.381202
   0.05778752   0.05778752]
398.0 1:[ 51.447682    -0.991908     0.          51.483737    -1.08564      2.09402092
   2.09402092]
1793.0 1:[ 51.479388    -1.042398     0.          51.479337    -1.042513
   8.92475443   8.92475443]
3312.0 1:[ 53.564295    -0.62477      1.          53.23961     -0.514405
  26.67608665  26.67608665]
2118.0 1:[  5.11255570e+01  -1.80020000e-02   1.00000000e+00   5.11827730e+01
  -2.58520000e-02   8.41460869e+00   8.41460869e+00]
464.0 1:[ 52.04505     -0.75403      0.          52.024395    -0.7836       2.75391712
   2.75391712]
2189.0 1:[ 55.927082    -3.171555     1.          55.917333    -3.11419      5.49913505
   5.49913505]
2073.0 1:[ 55.84149     -3.040342     0.          55.924655    -3.25254     14.17161278
  14.17161278]
269.0 1:[ 51.414213    -0.101938     1.          51.414213    -0.101938
   0.72948978   0.72948978]
