940.0 1:[ 51.35975      1.435528     0.          51.359093     1.398478
   0.99916488   0.99916488]
1248.0 1:[ 51.439325    -1.074682     0.          51.434257    -0.902938
   9.71389585   9.71389585]
2331.0 1:[ 56.460713    -2.975248     0.          56.39824     -3.470143
  25.32211883  25.32211883]
1224.0 1:[ 51.472565    -0.859203     0.          51.472512    -0.859077
   3.27524755   3.27524755]
766.0 1:[ 52.330925    -0.616448     0.          52.291235    -0.683635
   5.44010479   5.44010479]
2370.0 1:[ 53.723725    -1.945875     0.          53.732045    -1.717567
  11.43944365  11.43944365]
3301.0 1:[ 53.732047  -1.717592   0.        53.72364   -1.946253  10.668322
  10.668322]
973.0 1:[ 53.730992    -1.837353     0.          53.709632    -1.910173
   4.29740317   4.29740317]
1401.0 1:[ 51.98776     -0.232855     1.          51.987662    -0.232893
  10.54404776  10.54404776]
902.0 1:[ 51.981483   -0.202568    0.         51.981077   -0.203528    2.0598455
   2.0598455]
2431.0 1:[ 51.403117   -0.748105    0.         51.427375   -0.73175    11.0392806
  11.0392806]
613.0 1:[ 51.418897    -0.732548     0.          51.402972    -0.748617
   2.44074604   2.44074604]
4205.0 1:[ 51.416038    -0.755332     0.          51.351028    -0.194687
  40.53017876  40.53017876]
890.0 1:[ 51.53683     -1.024135     0.          51.542192    -0.923467
   6.24788734   6.24788734]
2277.0 1:[ 51.432775   -1.07568     0.         51.53683    -1.024115   11.8632188
  11.8632188]
171.0 1:[ 53.713002    -1.794525     0.          53.715928    -1.801625
   0.49523284   0.49523284]
1007.0 1:[ 53.564235    -0.624852     1.          53.564125    -0.635122
   4.23961564   4.23961564]
696.0 1:[ 53.564262    -0.62476      0.          53.564237    -0.624757
   1.90760956   1.90760956]
449.0 1:[ 51.091717    -1.79989      1.          51.091718    -1.79986      1.86038535
   1.86038535]
82.0 1:[  5.10667780e+01  -1.84092300e+00   0.00000000e+00   5.10666500e+01
  -1.84092200e+00   1.86411358e-02   1.86411358e-02]
1127.0 1:[ 54.572548    -6.006973     0.          54.59068     -5.92193      6.22738209
   6.22738209]
403.0 1:[ 54.572665    -6.007207     0.          54.573552    -5.991002
   0.75869423   0.75869423]
120.0 1:[ 53.037513    -2.169953     1.          53.038303    -2.171003
   0.11246819   0.11246819]
1257.0 1:[ 55.841178   -3.04019     1.         55.95848    -3.122222   12.1652052
  12.1652052]
1286.0 1:[ 55.841503    -3.04044      0.          55.958827    -3.123147
  12.06019347  12.06019347]
510.0 1:[ 51.276088    -0.74814      0.          51.286128    -0.747623
   1.30736499   1.30736499]
175.0 1:[ 53.300195    -3.543195     0.          53.302697    -3.543107
   0.43123161   0.43123161]
967.0 1:[ 51.249347    -0.20703      0.          51.249347    -0.20703      2.81543287
   2.81543287]
1346.0 1:[ 50.939993    -2.697935     0.          50.90472     -2.636673
   5.68927464   5.68927464]
