691.0 1:[ 50.858915   0.252375   0.        50.85885    0.252033   4.119691
   4.119691]
2595.0 1:[ 53.783098    -1.067917     0.          53.80082     -1.547577
  30.71064981  30.71064981]
898.0 1:[ 56.332698    -3.310838     1.          56.393103    -3.442903
   7.93428875   7.93428875]
313.0 1:[ 56.398217  -3.470182   1.        56.39312   -3.442888   1.34589    1.34589 ]
732.0 1:[ 52.296842   -0.621355    0.         52.331015   -0.616722    3.9084248
   3.9084248]
2138.0 1:[ 53.732015    -1.717372     0.          53.72369     -1.946165
  11.37171419  11.37171419]
258.0 1:[ 51.107583    -1.045172     1.          51.11128     -1.044063
   0.84133659   0.84133659]
1236.0 1:[ 51.479173    -1.042383     0.          51.433542    -1.075753
   5.99685338   5.99685338]
213.0 1:[ 51.48561     -1.08295      0.          51.482403    -1.079693
   0.55302036   0.55302036]
1284.0 1:[ 52.7876      -0.152858     0.          52.779072    -0.17533      2.14000239
   2.14000239]
1259.0 1:[ 51.412887    -0.945965     0.          51.433383    -1.075632
   8.12256422   8.12256422]
585.0 1:[ 53.570412    -0.676572     1.          53.564242    -0.624777
   2.54016543   2.54016543]
657.0 1:[ 51.17677     -1.75473      0.          51.17677     -1.75473      3.95875587
   3.95875587]
1321.0 1:[ 51.458645    -0.11963      0.          51.458645    -0.11968      4.18307087
   4.18307087]
131.0 1:[ 55.100627    -1.59098      0.          55.09571     -1.584725
   0.68661517   0.68661517]
2007.0 1:[ 53.796287    -1.537247     0.          53.859867    -1.51111      6.43678418
   6.43678418]
760.0 1:[ 55.841485    -3.040403     0.          55.87088     -3.100208
   3.45047423   3.45047423]
588.0 1:[ 51.275893    -0.748045     0.          51.30424     -0.723682
   3.34794798   3.34794798]
656.0 1:[ 53.302742    -3.543135     0.          53.319473    -3.490142
   2.74956753   2.74956753]
