1261.0 1:[ 50.807842     0.271345     0.          50.889555     0.320487
  10.80005269  10.80005269]
249.0 1:[ 50.738388    -0.781913     0.          50.732022    -0.79262      1.14767259
   1.14767259]
1290.0 1:[ 50.850008   -0.617385    0.         50.824102   -0.767667    8.3798119
   8.3798119]
427.0 1:[ 50.81114     -0.774378     0.          50.781492    -0.825637
   3.57909807   3.57909807]
205.0 1:[ 51.700735    -0.434022     0.          51.698562    -0.426218
   0.62634216   0.62634216]
1241.0 1:[ 51.850405    -0.397497     0.          51.760348    -0.339883
   8.36552036   8.36552036]
828.0 1:[ 52.33096     -0.616445     0.          52.291055    -0.667487
   6.51569832   6.51569832]
591.0 1:[ 52.40298     -0.743597     0.          52.398162    -0.7334       1.01221367
   1.01221367]
1350.0 1:[ 51.308818    -0.302075     0.          51.308818    -0.302075
  13.26503221  13.26503221]
1356.0 1:[ 50.562448    -3.597595     0.          50.466318    -3.53051      9.53059135
   9.53059135]
1513.0 1:[ 51.418548    -0.777603     0.          51.517757    -0.728847
   9.88725841   9.88725841]
1816.0 1:[ 53.590135    -2.16868      0.          53.62273     -2.18895      4.39992941
   4.39992941]
222.0 1:[ 53.859658    -2.166998     0.          53.859658    -2.169652
   0.31006422   0.31006422]
105.0 1:[  5.11074530e+01  -1.04525200e+00   1.00000000e+00   5.11075050e+01
  -1.04518500e+00   9.94193908e-03   9.94193908e-03]
467.0 1:[ 51.479407    -1.042522     0.          51.48354     -1.085602
   2.15305118   2.15305118]
2414.0 1:[ 51.433272    -1.076215     1.          51.618325    -0.765292
  28.75333055  28.75333055]
4262.0 1:[ 53.56428     -0.624775     0.          53.564248    -0.624805
   9.10495208   9.10495208]
766.0 1:[ 51.074093    -1.771732     0.          51.067828    -1.80092      1.99832975
   1.99832975]
127.0 1:[ 51.076335    -1.809793     0.          51.076735    -1.809813
   0.20505249   0.20505249]
2152.0 1:[ 51.077968    -1.802345     0.          51.074495    -1.7717       3.82391832
   3.82391832]
821.0 1:[ 53.977992    -1.521498     0.          54.001692    -1.503185
   3.39952179   3.39952179]
1437.0 1:[  5.11827680e+01  -2.57820000e-02   1.00000000e+00   5.11827780e+01
  -2.59780000e-02   1.31084467e+01   1.31084467e+01]
706.0 1:[ 51.873198     0.35845      0.          51.874857     0.352977
   2.18411974   2.18411974]
566.0 1:[ 55.07554     -1.535388     1.          55.100772    -1.591095
   3.81024815   3.81024815]
937.0 1:[ 53.064052    -2.212787     1.          53.037507    -2.16958      2.96953293
   2.96953293]
8809.0 1:[  52.024413     -0.783592      0.           51.472953     -2.568742
  111.09433409  111.09433409]
2417.0 1:[  0.           0.           0.          53.859828    -1.511118
   6.28206275   6.28206275]
47.0 1:[  5.59317050e+01  -3.18164200e+00   0.00000000e+00   5.59316930e+01
  -3.18175200e+00   3.72822715e-03   3.72822715e-03]
896.0 1:[ 51.28613     -0.747142     0.          51.346823    -0.71285      5.26487811
   5.26487811]
