629.0 1:[ 50.866802    -0.733642     0.          50.811355    -0.77276      5.91110415
   5.91110415]
2553.0 1:[ 51.434287    -0.902817     0.          51.515825    -0.59082     16.35511115
  16.35511115]
1145.0 1:[ 51.64128     -0.4692       0.          51.698553    -0.426205
   6.20749821   6.20749821]
607.0 1:[ 51.6379      -0.468488     0.          51.634365    -0.489032
   1.33284121   1.33284121]
681.0 1:[ 52.288665    -0.599098     0.          52.29329     -0.68552      4.59131174
   4.59131174]
773.0 1:[ 52.331033    -0.616543     0.          52.291075    -0.667432
   6.55173785   6.55173785]
811.0 1:[ 53.744078    -1.644205     1.          53.732027    -1.717378
   4.67084725   4.67084725]
433.0 1:[ 53.723547  -1.94614    0.        53.709857  -1.909602   2.040583
   2.040583]
1581.0 1:[ 51.403783    -0.848023     0.          51.403212    -0.748752
   5.90551181   5.90551181]
1172.0 1:[ 51.350702    -0.194613     0.          51.350798    -0.1948       2.53581584
   2.53581584]
3641.0 1:[ 51.554978    -0.610785     0.          51.433513    -1.076152
  26.54870556  26.54870556]
2559.0 1:[ 51.555048    -0.610748     0.          51.433513    -1.076112
  26.79104032  26.79104032]
1713.0 1:[ 51.53678     -1.024137     0.          51.530172    -0.898295
   7.71991569   7.71991569]
397.0 1:[ 51.085872    -1.775918     0.          51.075627    -1.771615
   1.84236558   1.84236558]
1020.0 1:[ 51.075582    -1.801002     0.          51.074097    -1.771725
   2.49045574   2.49045574]
350.0 1:[  5.11238770e+01  -7.27500000e-03   1.00000000e+00   5.11254850e+01
  -1.81380000e-02   7.54344627e-01   7.54344627e-01]
190.0 1:[  5.15791430e+01   4.23820000e-02   0.00000000e+00   5.15791430e+01
   4.23820000e-02   1.73983934e-02   1.73983934e-02]
151.0 1:[ 52.026067    -0.790835     0.          52.024415    -0.783622
   0.44490177   0.44490177]
9414.0 1:[  51.45438      -2.630862      0.           50.418902     -5.09223
  157.01304382  157.01304382]
1314.0 1:[ 53.859683    -1.510693     0.          53.7965      -1.5368       5.75389724
   5.75389724]
638.0 1:[ 55.841462    -3.040337     0.          55.871188    -3.102263
   3.53622346   3.53622346]
712.0 1:[ 51.439143    -0.246962     0.          51.408487    -0.214718
   4.13149706   4.13149706]
458.0 1:[ 51.401468    -0.24026      0.          51.408475    -0.214685
   1.82558856   1.82558856]
508.0 1:[ 51.408493    -0.214575     0.          51.393997    -0.206695
   2.17107095   2.17107095]
2693.0 1:[ 51.315657    -0.065022     0.          51.260367    -0.064623
  11.89739422  11.89739422]
1010.0 1:[ 51.395697    -0.107845     1.          51.407532    -0.104972
   2.91671638   2.91671638]
264.0 1:[ 51.412148    -0.064997     0.          51.405805    -0.065787
   0.62944902   0.62944902]
304.0 1:[ 53.666315   -1.514318    0.         53.667255   -1.514492    1.0569524
   1.0569524]
