657.0 1:[ 50.862997     0.258175     1.          50.889545     0.32054      3.74748966
   3.74748966]
438.0 1:[ 55.947543    -3.36219      0.          55.947883    -3.36361      0.80156884
   0.80156884]
408.0 1:[ 51.355248    -0.176962     1.          51.367137    -0.178643
   1.21415931   1.21415931]
1043.0 1:[ 51.511417    -1.768723     1.          51.557785    -1.890977
   8.17040981   8.17040981]
1442.0 1:[ 52.043933    -0.355902     0.          52.031323    -0.332432
  10.31041219  10.31041219]
446.0 1:[ 51.403008    -0.748557     1.          51.42729     -0.731905
   2.80176271   2.80176271]
1098.0 1:[ 50.885643     0.426322     0.          50.87372      0.558738
   9.95995884   9.95995884]
8673.0 1:[  51.403173     -0.748705      0.           52.478995     -1.906065
  109.07984868  109.07984868]
308.0 1:[ 51.366998    -0.178623     0.          51.354215    -0.184107
   1.26759723   1.26759723]
2145.0 1:[ 51.571838     0.136193     0.          51.567352     0.113738
   5.04491271   5.04491271]
346.0 1:[ 51.66834     -0.27448      1.          51.66834     -0.27448      1.45835819
   1.45835819]
272.0 1:[ 52.779215    -0.175243     0.          52.787418    -0.154313
   1.20048914   1.20048914]
256.0 1:[ 51.420868    -0.94861      0.          51.41281     -0.946385
   0.90098823   0.90098823]
597.0 1:[ 53.560867    -0.63862      0.          53.56588     -0.682972
   2.26303388   2.26303388]
2764.0 1:[ 53.22206     -0.530533     0.          53.564238    -0.624795
  27.22537879  27.22537879]
384.0 1:[ 51.074078    -1.771695     0.          51.074018    -1.771448
   1.29555894   1.29555894]
392.0 1:[ 51.062488  -1.774202   0.        51.061172  -1.774553   2.040583
   2.040583]
1471.0 1:[ 52.91634    -1.475178    1.         52.912052   -1.368843   10.6919341
  10.6919341]
3110.0 1:[  5.11827650e+01  -2.54680000e-02   0.00000000e+00   5.12773650e+01
  -2.09903000e-01   1.80290851e+01   1.80290851e+01]
411.0 1:[  5.14408070e+01  -2.92680000e-02   0.00000000e+00   5.14408070e+01
  -2.92680000e-02   1.36825937e+00   1.36825937e+00]
3756.0 1:[ 51.874802     0.352925     0.          51.874802     0.352925
  41.30689275  41.30689275]
664.0 1:[ 53.018945   -2.134783    1.         53.0375     -2.16999     2.2928597
   2.2928597]
1815.0 1:[ 51.42774     -0.978802     0.          51.53352     -0.750375
  19.10964965  19.10964965]
985.0 1:[ 52.024405    -0.783573     0.          52.043395    -0.75236      3.55486459
   3.55486459]
