262.0 1:[ 50.786722     0.304925     0.          50.786742     0.304993
   1.33221984   1.33221984]
26.0 1:[  5.08638400e+01   2.56477000e-01   0.00000000e+00   5.08639800e+01
   2.56342000e-01   5.59234073e-03   5.59234073e-03]
470.0 1:[ 52.224948    -1.538702     0.          52.219105    -1.501797
   4.23961564   4.23961564]
1537.0 1:[ 51.716955    -0.278237     0.          51.65303     -0.386317
  12.89655909  12.89655909]
1513.0 1:[ 52.331038    -0.616753     0.          52.402032    -0.738025
  10.47010459  10.47010459]
724.0 1:[ 52.331123    -0.616807     0.          52.293923    -0.683543
   5.12755508   5.12755508]
628.0 1:[ 53.724777    -1.887842     0.          53.723632    -1.946143
   3.39890042   3.39890042]
73.0 1:[ 51.567165    -3.230965     0.          51.580963    -3.238268
   1.16444961   1.16444961]
421.0 1:[ 52.037272    -0.338652     0.          52.04389     -0.355808
   2.98568858   2.98568858]
329.0 1:[ 51.40347     -0.764893     0.          51.403158    -0.74869      1.36390977
   1.36390977]
4546.0 1:[ 51.416388   -0.755877    1.         51.350672   -0.19465    35.4647608
  35.4647608]
1843.0 1:[ 53.690765    -2.327015     1.          53.862392    -2.119783
  18.77783743  18.77783743]
2017.0 1:[ 51.189252    -0.876865     1.          51.189207    -0.8769      12.60202915
  12.60202915]
1174.0 1:[ 51.58509     -0.221168     1.          51.667693    -0.282635
   7.55463096   7.55463096]
955.0 1:[  0.           0.           0.          51.744655    -1.285207
   7.51548457   7.51548457]
216.0 1:[ 53.564187    -0.635        0.          53.564258    -0.62473      0.78665593
   0.78665593]
163.0 1:[ 53.591372    -0.639597     0.          53.590588    -0.637515
   0.11371093   0.11371093]
187.0 1:[ 53.563468    -0.636747     0.          53.564253    -0.624812
   0.72762567   0.72762567]
1567.0 1:[ 51.405928    -0.066008     1.          51.451427    -0.058805
   4.16691522   4.16691522]
97.0 1:[ 51.808428     0.136813     0.          51.808428     0.136813
   2.56439891   2.56439891]
894.0 1:[ 53.003407    -2.130888     1.          53.03785     -2.169405
   4.00411596   4.00411596]
1441.0 1:[ 53.859883    -1.510738     0.          53.796338    -1.53698      5.72282868
   5.72282868]
1022.0 1:[ 52.027973    -0.489022     0.          52.02295     -0.497023
   3.02732045   3.02732045]
423.0 1:[ 55.958413    -3.12266      0.          55.954683    -3.144265
   1.05570966   1.05570966]
1628.0 1:[ 53.32501     -3.833857     0.          53.302702    -3.543222
  15.14902967  15.14902967]
