94.0 1:[ 50.88771      0.318998     0.          50.889548     0.320473
   0.21126621   0.21126621]
1126.0 1:[ 50.811277    -0.772457     0.          50.84125     -0.774853
   4.08551559   4.08551559]
440.0 1:[ 51.361563     1.436833     0.          51.361825     1.393993
   2.23320806   2.23320806]
719.0 1:[ 51.475382    -0.864027     0.          51.434228    -0.902912
   5.57245685   5.57245685]
741.0 1:[ 51.472612    -0.85908      0.          51.489968    -0.87301      1.90263859
   1.90263859]
4053.0 1:[ 52.020685    -0.660297     0.          52.326088    -0.61171     26.56858944
  26.56858944]
635.0 1:[ 51.590202  -3.211215   0.        51.567253  -3.23095    3.917124
   3.917124]
211.0 1:[ 51.393318    -0.740833     0.          51.40319     -0.74874      0.98052374
   0.98052374]
491.0 1:[ 51.570818     0.097963     0.          51.569218     0.122168
   1.35210371   1.35210371]
4908.0 1:[ 52.069525    -1.020322     1.          51.082737    -1.106595
  87.06901694  87.06901694]
821.0 1:[ 51.478633    -0.96526      0.          51.476423    -0.966783
   5.24126601   5.24126601]
390.0 1:[ 51.662983    -0.286882     0.          51.663068    -0.286992
   1.30860773   1.30860773]
303.0 1:[ 51.661248    -0.267387     0.          51.65988     -0.267865
   1.50931063   1.50931063]
277.0 1:[ 51.437493    -1.075435     0.          51.433308    -1.075988
   1.01780601   1.01780601]
699.0 1:[ 51.534018    -0.894278     0.          51.527115    -0.892763
   1.49936869   1.49936869]
789.0 1:[ 53.56427     -0.624835     0.          53.565957    -0.624453
   2.89124016   2.89124016]
1541.0 1:[ 51.197208    -1.820063     0.          51.099092    -1.75781     11.47859003
  11.47859003]
184.0 1:[ 54.568148    -6.009527     0.          54.571585    -6.002417
   0.46105742   0.46105742]
303.0 1:[ 51.406012    -0.066155     0.          51.406012    -0.066155
   0.96809632   0.96809632]
6396.0 1:[ 51.935738     0.347878     0.          51.426868    -1.041243
  93.54743299  93.54743299]
833.0 1:[ 55.921262   -3.133197    1.         55.87137    -3.102285    5.1486817
   5.1486817]
305.0 1:[ 53.703095    -1.554515     0.          53.703095    -1.554515
   0.89415315   0.89415315]
