1340.0 1:[ 50.889545     0.32054      0.          50.971787     0.251558
   8.38478287   8.38478287]
133.0 1:[ 50.889662     0.320463     0.          50.88946      0.320157
   0.20940209   0.20940209]
243.0 1:[ 51.439272    -1.074657     0.          51.440537    -1.073935
   1.11163306   1.11163306]
2047.0 1:[ 56.494857    -2.983178     1.          56.398283    -3.4702      25.59614352
  25.59614352]
2274.0 1:[ 52.33107     -0.61664      0.          52.288638    -0.599218
  13.68818599  13.68818599]
241.0 1:[ 53.735622    -1.721053     1.          53.732045    -1.717378
   0.63131313   0.63131313]
2567.0 1:[ 53.514783   -2.246832    0.         53.723612   -1.946237   24.4080818
  24.4080818]
1068.0 1:[ 51.567298    -3.230933     1.          51.59051     -3.197905
   6.20376998   6.20376998]
559.0 1:[ 51.98763     -0.233375     0.           0.           0.           3.13854589
   3.13854589]
542.0 1:[ 51.421893    -0.74762      0.          51.40318     -0.74872      2.04803945
   2.04803945]
250.0 1:[ 51.393177    -0.74082      0.          51.400122    -0.746082
   0.99108705   0.99108705]
542.0 1:[ 51.421812   -0.747632    0.         51.403092   -0.748672    2.0641951
   2.0641951]
2135.0 1:[ 51.418645    -0.77797      0.          51.517645    -0.728955
  10.45891991  10.45891991]
2118.0 1:[ 53.690762    -2.327092     0.          53.86235     -2.119788
  18.75546807  18.75546807]
1949.0 1:[ 51.536835   -1.024155    0.         51.536852   -1.024138   13.8714905
  13.8714905]
475.0 1:[ 52.779072   -0.17533     0.         52.810378   -0.13777     3.3454625
   3.3454625]
445.0 1:[ 51.103145    -1.782122     0.          51.103317    -1.78202      3.70834328
   3.70834328]
503.0 1:[ 51.075158    -1.80179      0.          51.074087    -1.771742
   2.00516484   2.00516484]
2151.0 1:[  5.11304200e+01  -1.74670000e-02   1.00000000e+00   5.11827700e+01
  -2.58050000e-02   1.40137845e+01   1.40137845e+01]
298.0 1:[ 51.405818    -0.065695     1.          51.405795    -0.067098
   1.02401972   1.02401972]
44.0 1:[  5.51007550e+01  -1.59118800e+00   0.00000000e+00   5.51007500e+01
  -1.59111800e+00   4.97096954e-03   4.97096954e-03]
395.0 1:[ 55.871258   -3.102383    1.         55.884463   -3.114528    1.3135787
   1.3135787]
167.0 1:[ 55.841145    -3.048068     0.          55.84149     -3.040412
   0.46664977   0.46664977]
696.0 1:[ 51.394033    -0.206907     0.          51.408508    -0.214683
   2.08842858   2.08842858]
337.0 1:[ 51.346923    -0.712937     0.          51.336227    -0.739965
   2.03064106   2.03064106]
439.0 1:[ 53.301998    -3.539373     0.          53.302682    -3.543277
   0.18703273   0.18703273]
