1894.0 1:[ 50.889587     0.320653     0.          50.78623      0.268373
  11.14615645  11.14615645]
2791.0 1:[ 50.889602     0.320473     0.          50.866017     0.545153
  12.20062336  12.20062336]
1735.0 1:[ 51.6986      -0.426215     0.          51.637925    -0.468465
   6.14163286   6.14163286]
742.0 1:[ 51.357967    -0.148482     1.          51.36711     -0.1787       2.45690169
   2.45690169]
3297.0 1:[ 51.760342    -0.3398       0.          51.637935    -0.46843     13.80935338
  13.80935338]
1146.0 1:[ 51.364465    -0.299125     0.          51.308908    -0.302685
   6.17767239   6.17767239]
158.0 1:[ 53.732035    -1.717562     0.          53.73567     -1.721252
   0.58843852   0.58843852]
1074.0 1:[ 51.58409     -3.314868     0.          51.567282    -3.230973
  15.84745089  15.84745089]
1531.0 1:[ 51.987705    -0.232845     0.          52.044025    -0.355693
  10.35266543  10.35266543]
124.0 1:[ 51.376365    -0.118202     0.          51.375072    -0.117862
   0.13173069   0.13173069]
693.0 1:[  0.          0.          0.         51.569207    0.122145    0.5629623
   0.5629623]
560.0 1:[ 51.426692    -0.732247     0.          51.418763    -0.77789      3.15967251
   3.15967251]
942.0 1:[ 53.782543    -2.231135     0.          53.704268    -2.194153
   6.58032093   6.58032093]
945.0 1:[ 51.47319     -1.034095     0.          51.473785    -1.04983      1.79949097
   1.79949097]
1599.0 1:[ 51.579293   -0.763258    0.         51.536812   -1.024117   16.2010111
  16.2010111]
777.0 1:[ 51.458968    -1.04049      0.          51.485558    -1.082993
   4.09918576   4.09918576]
34.0 1:[  5.15213700e+01  -6.48298000e-01   0.00000000e+00   5.15213850e+01
  -6.47992000e-01   3.10685596e-03   3.10685596e-03]
637.0 1:[ 53.590147    -0.637948     0.          53.566658    -0.640535
   2.40408514   2.40408514]
853.0 1:[ 51.073975    -1.829662     0.          51.06245     -1.774203
   3.80651992   3.80651992]
68.0 1:[  5.45651700e+01  -5.97921300e+00   0.00000000e+00   5.45651500e+01
  -5.97934500e+00   1.67770222e-02   1.67770222e-02]
590.0 1:[  5.11827430e+01  -2.58480000e-02   0.00000000e+00   5.11710650e+01
  -2.18000000e-04   1.79514137e+00   1.79514137e+00]
159.0 1:[  5.37857970e+01  -1.54367700e+00   0.00000000e+00   5.37862180e+01
  -1.54311500e+00   4.59814682e-02   4.59814682e-02]
2261.0 1:[ 51.381248    -0.125132     1.          51.40849     -0.214738
   6.17642965   6.17642965]
737.0 1:[ 53.317355    -3.487843     0.          53.302713    -3.5432       2.85955023
   2.85955023]
