4771.0 1:[ 51.464467    -2.130742     0.          51.415482    -0.952712
  61.15908097  61.15908097]
1804.0 1:[ 51.637703   -0.468583    0.         51.760297   -0.339825   13.8864034
  13.8864034]
539.0 1:[ 52.299558    -0.614323     0.          52.331022    -0.616722
   4.02648533   4.02648533]
462.0 1:[ 52.330995    -0.616765     0.          52.330995    -0.616652
   3.40138591   3.40138591]
596.0 1:[ 52.40203     -0.74244      0.          52.375563    -0.719937
   4.32412213   4.32412213]
330.0 1:[ 53.732025    -1.717915     0.          53.724747    -1.715782
   0.92397896   0.92397896]
2747.0 1:[ 53.723598    -1.94587      0.          53.732025    -1.71752     11.05854311
  11.05854311]
655.0 1:[ 53.723723    -1.946142     0.          53.722812    -1.862962
   4.32722898   4.32722898]
1690.0 1:[ 51.987827    -0.232748     0.          52.043903    -0.355753
  11.51587231  11.51587231]
836.0 1:[ 51.987825    -0.232915     0.          51.981147    -0.22956      1.29245208
   1.29245208]
32.0 1:[  5.19878570e+01  -2.33028000e-01   0.00000000e+00   0.00000000e+00
   0.00000000e+00   1.05633103e-02   1.05633103e-02]
1473.0 1:[ 51.418657    -0.777463     0.          51.517652    -0.728822
   9.87296687   9.87296687]
1166.0 1:[ 51.41882     -0.777763     0.          51.418763    -0.777902
   4.05320429   4.05320429]
1133.0 1:[ 51.673032    -0.276217     1.          51.617625    -0.278563
   6.33177245   6.33177245]
105.0 1:[  5.15204270e+01  -6.48760000e-01   0.00000000e+00   5.15204930e+01
  -6.48948000e-01   8.69919669e-03   8.69919669e-03]
267.0 1:[ 53.56631   -0.64139    0.        53.564247  -0.624808   0.836987
   0.836987]
222.0 1:[ 51.063848    -1.780652     0.          51.062588    -1.774533
   0.49585421   0.49585421]
409.0 1:[ 52.447228    -1.716338     0.          52.447052    -1.71639      4.82494731
   4.82494731]
205.0 1:[ 51.873725     0.346245     0.          51.875127     0.35286      0.49771832
   0.49771832]
1070.0 1:[ 51.883527     0.173977     0.          51.78653      0.124682
   7.66461366   7.66461366]
3068.0 1:[ 51.52167      0.069503     0.          51.783738     0.168257
  34.50784916  34.50784916]
263.0 1:[ 55.100617    -1.590987     0.          55.08669     -1.58621      1.55653484
   1.55653484]
1908.0 1:[ 51.520102    -0.619767     0.          51.420517    -0.985403
  20.20761254  20.20761254]
317.0 1:[ 52.037912    -0.77748      0.          52.024387    -0.783613
   1.67210988   1.67210988]
640.0 1:[ 51.40851     -0.21474      0.          51.416342    -0.17939      1.69820747
   1.69820747]
105.0 1:[ 53.302167    -3.539788     0.          53.302722    -3.543152
   0.17646942   0.17646942]
607.0 1:[ 53.3034      -3.542075     0.          53.302742    -3.54307      1.95545514
   1.95545514]
1907.0 1:[  5.14175330e+01  -4.47650000e-02   0.00000000e+00   5.13574850e+01
  -1.13262000e-01   6.28516961e+00   6.28516961e+00]
