781.0 1:[ 50.81136     -0.772795     0.          50.732043    -0.792833
   6.45542532   6.45542532]
1298.0 1:[ 50.811398    -0.77272      0.          50.852993    -0.945657
  10.81434423  10.81434423]
1063.0 1:[ 51.640367    -0.471873     0.          51.698562    -0.426177
   6.25472242   6.25472242]
1187.0 1:[ 51.367318    -0.179038     1.          51.367063    -0.17871      2.97326115
   2.97326115]
434.0 1:[ 51.75101     -0.326588     0.          51.76031     -0.339887
   1.10852621   1.10852621]
1839.0 1:[ 51.475658    -0.998475     0.          51.472533    -0.859102
   7.22903245   7.22903245]
1172.0 1:[ 51.56727     -3.230867     1.          51.568198    -3.227273
  13.63101984  13.63101984]
665.0 1:[ 51.987832    -0.232892     0.          51.987832    -0.232892
   2.51841744   2.51841744]
399.0 1:[ 51.403232    -0.748543     0.          51.403097    -0.748523
   1.63296349   1.63296349]
596.0 1:[ 51.315817   -0.164273    1.         51.350997   -0.194738    3.9320369
   3.9320369]
151.0 1:[ 51.350562    -0.19483      0.          51.354578    -0.185553
   0.58719578   0.58719578]
308.0 1:[ 51.355118    -0.161688     0.          51.35077     -0.194797
   1.61680784   1.61680784]
2501.0 1:[ 53.80659    -1.524317    0.         53.866885   -1.69476    13.8714905
  13.8714905]
348.0 1:[ 53.807987    -2.224568     1.          53.806542    -2.234565
   1.06378748   1.06378748]
1201.0 1:[ 53.862392    -2.120018     0.          53.909422    -2.178917
   5.83591824   5.83591824]
734.0 1:[  0.           0.           0.          51.107698    -1.045222
   7.24021713   7.24021713]
21.0 1:[  5.14336500e+01  -1.07583800e+00   0.00000000e+00   5.14338420e+01
  -1.07575000e+00   5.59234073e-03   5.59234073e-03]
991.0 1:[ 51.433447   -1.075695    0.         51.479203   -1.04237     6.6219528
   6.6219528]
8026.0 1:[ 51.479212    -1.042327     0.          52.214552    -0.899887
  76.83627615  76.83627615]
974.0 1:[ 51.460752    -0.994467     0.          51.480995    -1.045802
   3.21932415   3.21932415]
1908.0 1:[ 51.433265    -1.07585      0.          51.53678     -1.024107
  11.87440348  11.87440348]
154.0 1:[ 53.563357    -0.636673     0.          53.564255    -0.624795
   0.66983815   0.66983815]
2748.0 1:[ 51.654463    -0.198992     0.          51.533518    -0.7504      44.16333612
  44.16333612]
650.0 1:[ 51.522742    -0.71439      1.          51.521083    -0.752742
   2.16237175   2.16237175]
1611.0 1:[ 52.026033    -0.489407     0.          51.920022    -0.427668
  11.81288774  11.81288774]
1231.0 1:[ 55.909067    -3.148148     0.          55.841477    -3.040407
   7.20604172   7.20604172]
113.0 1:[ 55.87119    -3.102225    0.         55.871685   -3.098818    0.2522767
   0.2522767]
528.0 1:[ 51.401742    -0.240533     0.          51.408518    -0.214683
   1.89642488   1.89642488]
566.0 1:[ 51.27592     -0.748025     1.          51.245533    -0.759263
   3.79160702   3.79160702]
239.0 1:[ 53.302787    -3.54309      0.          53.304988    -3.524338
   0.94759107   0.94759107]
