10197.0 1:[  52.042565    -1.137513     0.          53.797883    -1.549722
  144.4837151  144.4837151]
388.0 1:[ 51.423168    -0.934335     0.          51.42313     -0.93433      1.70752804
   1.70752804]
153.0 1:[ 51.467697    -0.905122     0.          51.467697    -0.905122
   0.22742186   0.22742186]
838.0 1:[ 51.434085    -0.902838     0.          51.434203    -0.902793
   5.46558101   5.46558101]
873.0 1:[ 51.434467    -0.90288      0.          51.434467    -0.90288      5.33012209
   5.33012209]
886.0 1:[ 51.444928    -0.928638     0.          51.444928    -0.928638
   3.32868548   3.32868548]
5412.0 1:[ 51.433443   -1.076015    0.         51.760312   -0.339645   51.1630826
  51.1630826]
228.0 1:[ 51.754817    -0.328662     0.          51.760318    -0.33961      0.93578502
   0.93578502]
2793.0 1:[ 51.007322    -0.106148     0.          51.308947    -0.302717
  36.75037779  36.75037779]
3391.0 1:[ 53.723232    -1.851972     1.          53.723625    -1.946182
  16.36629583  16.36629583]
2444.0 1:[ 53.732025   -1.717557    0.         53.723578   -1.94619    11.8588692
  11.8588692]
904.0 1:[ 51.987877    -0.233012     0.          51.987785    -0.232217
   5.55878669   5.55878669]
439.0 1:[ 51.403112    -0.748637     0.          51.414063    -0.757797
   1.47202835   1.47202835]
690.0 1:[ 51.107533    -1.045218     1.          51.146963    -0.976995
   4.17747853   4.17747853]
1124.0 1:[ 51.626103    -0.2696       0.          51.672925    -0.276293
   6.43678418   6.43678418]
2029.0 1:[ 51.433352    -1.076215     0.          51.618318    -0.765398
  28.11145411  28.11145411]
223.0 1:[ 51.074215    -1.771808     0.          51.074122    -1.771165
   0.61391474   0.61391474]
675.0 1:[ 54.58241     -5.977953     0.          54.572647    -6.00716      1.73486837
   1.73486837]
1514.0 1:[ 50.98628    -1.276568    1.         51.062115   -1.308265    7.4695031
   7.4695031]
158.0 1:[ 51.872578     0.35627      0.          51.874943     0.352802
   0.58222481   0.58222481]
2586.0 1:[ 51.533512    -0.75037      0.          51.42767     -0.978505
  19.55517279  19.55517279]
1431.0 1:[ 53.302725    -3.543175     0.          53.324968    -3.83108     16.71737056
  16.71737056]
449.0 1:[ 51.408503    -0.094537     1.          51.419638    -0.10665      1.37012348
   1.37012348]
684.0 1:[ 51.408237    -0.090165     1.          51.381947    -0.104197
   2.28167502   2.28167502]
