555.0 1:[ 50.889583    0.320453    1.         50.863685    0.256892    3.7661308
   3.7661308]
1168.0 1:[ 50.889547    0.320545    1.         50.795018    0.323523    8.7874314
   8.7874314]
114.0 1:[  5.07814750e+01  -8.25683000e-01   0.00000000e+00   5.07814500e+01
  -8.25723000e-01   1.92625070e-02   1.92625070e-02]
2785.0 1:[ 51.433365    -1.075738     0.          51.408933    -0.635722
  21.31054641  21.31054641]
1035.0 1:[ 56.393153    -3.442955     1.          56.398247    -3.470178
   2.86762805   2.86762805]
1601.0 1:[ 53.725905    -1.86756      0.          53.723562    -1.946185
   7.92869641   7.92869641]
453.0 1:[ 53.709723    -1.90943      0.          53.723607    -1.946117
   2.02194186   2.02194186]
2309.0 1:[ 51.567137    -3.230845     1.          51.63286     -3.018343
  20.48971506  20.48971506]
1052.0 1:[ 52.07475     -0.244243     0.          51.98617     -0.185785
   7.13831226   7.13831226]
3427.0 1:[ 51.419132    -0.777472     0.          51.222603    -0.775983
  25.07605583  25.07605583]
3241.0 1:[ 53.862217    -2.119895     0.          53.590022    -2.171657
  35.44487692  35.44487692]
90.0 1:[ 51.4233      -1.037102     0.          51.422535    -1.033457
   0.23549968   0.23549968]
539.0 1:[ 51.479313    -1.042477     0.          51.459608    -0.998683
   3.17147857   3.17147857]
608.0 1:[ 51.433358    -1.075692     0.          51.483442    -1.085907
   4.48319315   4.48319315]
1820.0 1:[ 51.520595    -0.648782     0.          51.433327    -1.075958
  22.20407818  22.20407818]
121.0 1:[ 52.808037    -0.143683     1.          52.808037    -0.143683
   0.35790981   0.35790981]
212.0 1:[ 0.          0.          0.          0.          0.          0.96312535
  0.96312535]
835.0 1:[ 53.724397   -1.77803     0.         53.72633    -1.856577    4.6957021
   4.6957021]
1151.0 1:[ 53.564298    -0.624772     1.          53.564257    -0.624795
   7.75222699   7.75222699]
3316.0 1:[ 53.222067    -0.530638     0.          53.564252    -0.624813
  27.27136026  27.27136026]
3163.0 1:[ 53.239632    -0.514478     0.          53.56427     -0.624785
  26.12244492  26.12244492]
559.0 1:[ 51.521023    -0.752693     0.          51.522827    -0.714423
   2.06295236   2.06295236]
400.0 1:[ 55.958563    -3.122707     0.          55.938035    -3.104842
   2.14870158   2.14870158]
581.0 1:[ 51.304238    -0.723578     0.          51.27596     -0.748203
   3.45482383   3.45482383]
