677.0 1:[ 50.802542   -0.808058    0.         50.844015   -0.756522    4.9200171
   4.9200171]
209.0 1:[ 51.438282    -0.909097     0.          51.438977    -0.913902
   0.96374672   0.96374672]
1915.0 1:[  5.16986850e+01  -4.26060000e-01   0.00000000e+00   5.16820030e+01
   2.91630000e-02   2.34033246e+01   2.34033246e+01]
597.0 1:[ 51.478472    -0.866788     0.          51.453153    -0.907003
   3.13233218   3.13233218]
12384.0 1:[  51.460293     -3.168102      0.           51.314953     -0.332412
  145.48598684  145.48598684]
4734.0 1:[ 53.723662   -1.946153    1.         53.33945    -2.85608    54.1158385
  54.1158385]
521.0 1:[ 53.841467    -1.701807     0.          53.830308    -1.712532
   1.06316611   1.06316611]
886.0 1:[ 51.41882     -0.777912     0.          51.418757    -0.777853
   4.05631114   4.05631114]
188.0 1:[ 53.802107    -2.22705      1.          53.808       -2.224482
   0.52692277   0.52692277]
146.0 1:[  5.11892370e+01  -8.77030000e-01   1.00000000e+00   5.11892050e+01
  -8.76870000e-01   3.85250139e-02   3.85250139e-02]
4112.0 1:[ 51.946978    -0.502513     0.          52.601362    -1.191542
  58.63631393  58.63631393]
21.0 1:[  5.14792450e+01  -1.04233800e+00   0.00000000e+00   0.00000000e+00
   0.00000000e+00   5.59234073e-03   5.59234073e-03]
817.0 1:[ 51.479368    -1.042388     0.          51.479427    -1.042265
   5.26487811   5.26487811]
1189.0 1:[ 51.655983    -0.27927      1.          51.716688    -0.284725
   7.57824306   7.57824306]
2337.0 1:[ 51.536777    -1.024082     0.          51.536795    -1.024127
  14.08834904  14.08834904]
199.0 1:[ 52.779163    -0.175463     1.          52.787617    -0.15355      1.26511175
   1.26511175]
635.0 1:[ 53.726305    -1.856637     0.          53.715895    -1.801623
   3.47657182   3.47657182]
599.0 1:[ 53.715958    -1.801642     0.          53.698097    -1.776198
   2.03064106   2.03064106]
626.0 1:[ 51.412777    -0.946378     1.          51.379578    -0.956875
   3.94197884   3.94197884]
1042.0 1:[  5.11828370e+01  -2.58720000e-02   1.00000000e+00   5.11255720e+01
  -1.80470000e-02   4.71682872e+00   4.71682872e+00]
529.0 1:[ 53.038305    -2.171182     1.          53.017577    -2.133207
   2.34194802   2.34194802]
1228.0 1:[ 53.031332    -2.193597     1.          53.037503    -2.169605
   2.30031615   2.30031615]
101.0 1:[ 51.354897    -0.603942     1.          51.354915    -0.604068
   0.26781098   0.26781098]
712.0 1:[ 51.304242    -0.72363      1.          51.355283    -0.699008
   5.30713135   5.30713135]
1236.0 1:[ 51.354932    -0.604002     0.          51.388285    -0.795113
  11.22009962  11.22009962]
1072.0 1:[ 50.441487    -4.67874      0.          50.3787      -4.942263
  14.64882586  14.64882586]
