906.0 1:[ 50.811053    -0.774788     0.          50.850092    -0.617378
   9.85867534   9.85867534]
390.0 1:[ 56.398478    -3.43357      0.          56.398262    -3.47018      1.60873002
   1.60873002]
3634.0 1:[ 53.731937    -1.717473     0.          53.723615    -1.946187
  11.25365366  11.25365366]
569.0 1:[ 51.987788    -0.23291      0.          51.9878      -0.23292      1.94489183
   1.94489183]
440.0 1:[ 51.382752    -0.772875     0.          51.393287    -0.740707
   2.63026426   2.63026426]
247.0 1:[ 51.418695    -0.777928     0.          51.417855    -0.76191      0.92087211
   0.92087211]
2230.0 1:[ 51.517637    -0.728778     0.          51.418752    -0.777812
  10.64843812  10.64843812]
201.0 1:[  0.          0.          0.         54.583442   -1.359432    1.0246411
   1.0246411]
715.0 1:[ 51.48356     -1.085835     0.          51.48396     -1.085927
   3.98982443   3.98982443]
5174.0 1:[ 54.57958     -1.304247     0.          53.795917    -1.549058
  70.08259266  70.08259266]
603.0 1:[ 51.656333    -0.24979      0.          51.672988    -0.276278
   2.77442237   2.77442237]
1958.0 1:[ 51.53685    -1.024125    0.         51.536918   -1.024103   13.8714905
  13.8714905]
3727.0 1:[ 53.744568    -1.697375     0.          53.715882    -1.801663
  23.97187923  23.97187923]
987.0 1:[ 53.58992     -0.69651      0.          53.56424     -0.62479      4.02151436
   4.02151436]
3196.0 1:[ 53.564253   -0.624795    0.         53.222035   -0.530633   27.9822089
  27.9822089]
409.0 1:[ 51.074127    -1.771665     0.          51.074092    -1.771055
   2.09526366   2.09526366]
175.0 1:[  5.14542080e+01  -5.76730000e-02   0.00000000e+00   5.14541670e+01
  -5.78780000e-02   1.11846815e-02   1.11846815e-02]
41.0 1:[  5.15791430e+01   4.23820000e-02   0.00000000e+00   5.15791430e+01
   4.23820000e-02   2.29907341e-02   2.29907341e-02]
708.0 1:[ 52.024325    -0.783552     0.          52.035288    -0.770553
   2.44323153   2.44323153]
1181.0 1:[ 55.886597    -3.157933     0.          55.841458    -3.040402
   6.97427026   6.97427026]
1304.0 1:[ 51.414795    -0.183092     0.          51.408557    -0.214753
   1.97036805   1.97036805]
598.0 1:[ 51.275963    -0.748215     0.          51.247435    -0.741088
   3.42437664   3.42437664]
499.0 1:[ 53.302618    -3.542823     0.          53.318207    -3.492148
   2.52835938   2.52835938]
323.0 1:[ 53.302573    -3.543137     0.          53.30221     -3.53978      0.19883878
   0.19883878]
1206.0 1:[ 51.236785    -0.206212     0.          51.249317    -0.207045
   3.39144397   3.39144397]
