861.0 1:[ 50.889555    0.320472    1.         50.966208    0.277655    6.8375686
   6.8375686]
473.0 1:[ 50.810262    -0.736793     0.          50.811408    -0.772817
   2.14124513   2.14124513]
1209.0 1:[ 51.434137    -0.903082     0.          51.422992    -0.932108
   8.67247773   8.67247773]
287.0 1:[ 51.760293    -0.339845     0.          51.754798    -0.32867      0.69904259
   0.69904259]
790.0 1:[  0.           0.           0.          52.29104     -0.667343
   6.62257417   6.62257417]
462.0 1:[ 51.987813    -0.232882     0.          51.981743    -0.202845
   2.01821363   2.01821363]
1215.0 1:[ 51.403122   -0.748263    1.         51.403362   -0.847983    7.8578601
   7.8578601]
488.0 1:[ 51.408072    -0.725812     0.          51.40314     -0.748747
   2.80859779   2.80859779]
2470.0 1:[ 51.403078    -0.748762     0.          51.292837    -1.069162
  23.42693669  23.42693669]
2504.0 1:[ 51.403038    -0.748732     0.          51.403475    -0.848095
   7.86407381   7.86407381]
20.0 1:[  5.37970600e+01  -2.23915700e+00   1.00000000e+00   5.37970800e+01
  -2.23911000e+00   1.24274238e-03   1.24274238e-03]
1115.0 1:[ 53.862595    -2.119428     0.          53.829283    -2.234197
   6.04532033   6.04532033]
86.0 1:[  5.11077050e+01  -1.04498000e+00   1.00000000e+00   5.11075720e+01
  -1.04516500e+00   4.34959835e-03   4.34959835e-03]
2314.0 1:[ 51.536918    -1.02409      0.          51.576602    -0.770365
  15.09062077  15.09062077]
4812.0 1:[ 52.779283   -0.175223    1.         51.886877   -0.196125   73.8325678
  73.8325678]
521.0 1:[ 53.698362    -1.778325     0.          53.715902    -1.80163      1.79824823
   1.79824823]
392.0 1:[ 53.564288    -0.62491      0.          53.561448    -0.636832
   0.62261393   0.62261393]
759.0 1:[ 53.564273    -0.624802     0.          53.560875    -0.638323
   3.01489302   3.01489302]
254.0 1:[ 53.567962    -0.64384      0.          53.564248    -0.62479      1.05819514
   1.05819514]
360.0 1:[ 51.075123    -1.816462     0.          51.075068    -1.816485
   2.04182574   2.04182574]
1215.0 1:[ 51.377205    -0.175475     0.          51.40849     -0.214707
   3.90780343   3.90780343]
10688.0 1:[  52.963192     -1.308188      0.           51.275958     -0.748197
  149.41864511  149.41864511]
