665.0 1:[ 50.767778     0.283015     1.          50.802525     0.250752
   2.88937604   2.88937604]
567.0 1:[ 50.864202     0.256582     1.          50.889555     0.320518
   3.79968484   3.79968484]
374.0 1:[ 50.8413      -0.774937     0.          50.842567    -0.757457
   1.90077448   1.90077448]
373.0 1:[ 51.425985    -0.93273      0.          51.4261      -0.934037
   1.84174421   1.84174421]
489.0 1:[ 51.47245     -0.859112     0.          51.470397    -0.897455
   2.60975901   2.60975901]
1979.0 1:[ 53.723705    -1.946175     1.          53.732075    -1.717607
  11.27105206  11.27105206]
2551.0 1:[ 53.723602    -1.945973     0.          53.732047    -1.717602
  11.43944365  11.43944365]
218.0 1:[ 51.98784     -0.232922     0.          51.98738     -0.234717
   0.77050028   0.77050028]
53.0 1:[  5.14044720e+01  -8.46853000e-01   0.00000000e+00   5.14038230e+01
  -8.48077000e-01   2.29907341e-02   2.29907341e-02]
353.0 1:[ 51.346942    -0.210492     0.          51.35095     -0.194703
   1.42604689   1.42604689]
6127.0 1:[ 51.35103     -0.19471      0.          51.416845    -0.75561     34.23196035
  34.23196035]
704.0 1:[ 51.415283    -0.744087     0.          51.418743    -0.777835
   2.45130935   2.45130935]
536.0 1:[ 54.590968    -1.351038     0.          54.583493    -1.35947      1.60873002
   1.60873002]
459.0 1:[ 51.473535    -1.03478      0.          51.483597    -1.085665
   2.15180844   2.15180844]
105.0 1:[  5.15214700e+01  -6.48873000e-01   0.00000000e+00   5.15211680e+01
  -6.48277000e-01   4.66028394e-02   4.66028394e-02]
1123.0 1:[ 51.433327    -1.075577     0.          51.412793    -0.9464       8.50967848
   8.50967848]
1687.0 1:[ 51.433773    -1.075793     0.          51.40372     -0.944153
  11.72465303  11.72465303]
221.0 1:[ 52.323517   -1.559378    0.         52.323062   -1.559277    0.3386473
   0.3386473]
1892.0 1:[ 55.958662    -3.122497     1.          55.871202    -3.102215
   7.03951424   7.03951424]
87.0 1:[  5.33027000e+01  -3.54312500e+00   0.00000000e+00   5.33027120e+01
  -3.54315000e+00   1.86411358e-03   1.86411358e-03]
475.0 1:[ 51.40909     -0.096157     1.          51.414213    -0.101938
   1.53975781   1.53975781]
