3800.0 1:[ 50.8895       0.320537     1.          50.889523     0.320447
  28.27238925  28.27238925]
2129.0 1:[ 50.889553     0.320462     0.          50.76946      0.286447
  13.41229718  13.41229718]
804.0 1:[ 50.84136    -0.774282    0.         50.810713   -0.73701     3.1814205
   3.1814205]
770.0 1:[ 51.366823    -0.17866      1.          51.368387    -0.157733
   2.43328959   2.43328959]
337.0 1:[ 51.760205    -0.339617     0.          51.75101     -0.326588
   1.10106975   1.10106975]
265.0 1:[ 51.760223    -0.339907     0.          51.75481     -0.328713
   0.69096477   0.69096477]
478.0 1:[ 53.725613    -1.867248     1.          53.723335    -1.852048
   0.99232979   0.99232979]
1895.0 1:[ 53.732003    -1.717428     1.          53.723205    -1.862135
   7.92310407   7.92310407]
295.0 1:[ 53.72374     -1.946073     0.          53.731072    -1.981443
   1.64166269   1.64166269]
811.0 1:[ 51.567612    -3.231005     0.          51.591307    -3.19926      3.57288436
   3.57288436]
1831.0 1:[ 51.987835    -0.23294      0.          52.043188    -0.356738
  10.14264197  10.14264197]
1219.0 1:[ 51.338795    -0.585632     1.          51.393378    -0.740872
   8.72840114   8.72840114]
712.0 1:[ 51.568903     0.14704      0.          51.569307     0.147267
   1.43288197   1.43288197]
5528.0 1:[ 51.418863    -0.777902     0.          51.415518    -0.745077
  43.53699396  43.53699396]
849.0 1:[ 51.418688    -0.777872     0.          51.418778    -0.777828
   4.06998131   4.06998131]
2548.0 1:[ 50.923853    -0.823005     1.          51.107557    -1.045287
  22.89442158  22.89442158]
3086.0 1:[ 51.087857    -0.64574      1.          51.107542    -0.739797
  12.85057763  12.85057763]
72.0 1:[  5.35641230e+01  -6.24852000e-01   0.00000000e+00   5.35642580e+01
  -6.24715000e-01   5.59234073e-03   5.59234073e-03]
3656.0 1:[ 53.564403    -0.6245       0.          53.222047    -0.530547
  28.31277837  28.31277837]
1148.0 1:[  5.11254970e+01  -1.79700000e-02   1.00000000e+00   5.11366770e+01
  -3.22970000e-02   1.41175535e+00   1.41175535e+00]
431.0 1:[ 51.381885    -0.124902     1.          51.381885    -0.124902
   1.04328223   1.04328223]
1657.0 1:[ 51.533645    -0.750332     0.          51.487558    -0.636768
   8.07534001   8.07534001]
292.0 1:[ 52.040793    -0.797833     0.          52.024378    -0.783632
   2.05114631   2.05114631]
712.0 1:[ 52.009238    -0.507465     1.          52.022858    -0.497157
   3.36721049   3.36721049]
291.0 1:[ 52.010408    -0.510495     0.          52.010218    -0.511072
   1.34837549   1.34837549]
186.0 1:[ 51.439987   -0.104075    0.         51.440617   -0.099183    0.3019864
   0.3019864]
268.0 1:[ 53.305453    -3.524568     0.          53.30271     -3.543137
   0.92460033   0.92460033]
