700.0 1:[ 50.888493     0.319643     1.          50.861077     0.245447
   5.46682375   5.46682375]
744.0 1:[ 50.838383    -0.770563     0.          50.83364     -0.774298
   0.76987891   0.76987891]
562.0 1:[ 51.733407   -0.46415     0.         51.748193   -0.453105    2.0965064
   2.0965064]
217.0 1:[ 52.329548    -0.6004       0.          52.331025    -0.616762
   1.02712658   1.02712658]
320.0 1:[ 51.308947    -0.302717     0.          51.308947    -0.302717
   2.02194186   2.02194186]
2436.0 1:[ 53.732023    -1.717503     1.          53.72361     -1.94626     11.84333492
  11.84333492]
1260.0 1:[ 52.043943    -0.35581      0.          51.987862    -0.232913
  10.32718921  10.32718921]
843.0 1:[ 51.402992    -0.748722     1.          51.411852    -0.690112
   3.34856935   3.34856935]
624.0 1:[ 51.368097    -0.22509      0.          51.3507      -0.194483
   2.57869045   2.57869045]
1599.0 1:[ 51.418743    -0.777863     0.          51.517773    -0.728832
   9.88850115   9.88850115]
2068.0 1:[ 53.858758   -2.174902    0.         53.878003   -2.381212   19.8590233
  19.8590233]
3243.0 1:[ 53.483988   -2.239013    0.         53.446823   -2.244448    5.4376193
   5.4376193]
557.0 1:[ 51.47927     -1.042358     0.          51.450743    -1.046943
   2.80673368   2.80673368]
438.0 1:[ 51.554905    -0.928065     0.          51.53403     -0.893977
   1.93060029   1.93060029]
676.0 1:[ 53.715905    -1.801638     0.          53.698112    -1.776168
   2.04182574   2.04182574]
2951.0 1:[ 53.221915    -0.530662     0.          53.564247    -0.624782
  27.36270182  27.36270182]
1120.0 1:[ 54.564938    -5.978937     0.          54.565198    -5.979298
   0.57476835   0.57476835]
1688.0 1:[  5.12772370e+01  -2.09617000e-01   1.00000000e+00   5.11827200e+01
  -2.58420000e-02   1.41908753e+01   1.41908753e+01]
93.0 1:[  5.11827800e+01  -2.59550000e-02   0.00000000e+00   5.11828050e+01
  -2.58530000e-02   1.11846815e-02   1.11846815e-02]
795.0 1:[  5.14313400e+01  -3.48120000e-02   1.00000000e+00   5.14311250e+01
  -3.52830000e-02   2.73092639e+00   2.73092639e+00]
159.0 1:[ 51.748078     0.141595     0.          51.748078     0.141595
   0.52940826   0.52940826]
1014.0 1:[ 51.78331      0.107418     0.          51.783247     0.10742      7.05194166
   7.05194166]
248.0 1:[ 53.038208    -2.171005     1.          53.047743    -2.163158
   1.01904876   1.01904876]
1679.0 1:[ 55.841472    -3.040355     1.          55.921228    -3.133292
   8.63146723   8.63146723]
1990.0 1:[ 55.841512    -3.040273     0.          55.912715    -3.15919      7.30173288
   7.30173288]
1193.0 1:[ 51.388377    -0.795162     0.          51.354885    -0.604023
  11.08277658  11.08277658]
447.0 1:[ 53.302513    -3.543018     0.          53.304957    -3.52431      0.98114511
   0.98114511]
239.0 1:[ 51.408782    -0.094687     1.          51.408782    -0.094687
   0.44552314   0.44552314]
