1985.0 1:[ 50.769342     0.287415     0.          50.889527     0.320438
  11.05605762  11.05605762]
515.0 1:[ 51.348212    -0.16347      1.          51.36717     -0.178647
   1.95234829   1.95234829]
452.0 1:[ 51.47232     -0.859498     0.          51.468898    -0.900893
   2.56999125   2.56999125]
253.0 1:[ 53.732068    -1.71761      0.          53.724822    -1.715393
   0.91279428   0.91279428]
2366.0 1:[ 53.723613    -1.946087     0.          53.732067    -1.717568
  10.95291001  10.95291001]
208.0 1:[ 51.987627    -0.232735     1.          51.987627    -0.232735
   0.72451881   0.72451881]
339.0 1:[ 51.382587    -0.773072     0.          51.402997    -0.748622
   2.28291776   2.28291776]
1305.0 1:[ 51.423185    -0.980323     0.          51.403132    -0.748712
  13.29858626  13.29858626]
1269.0 1:[ 51.399265    -0.647612     0.          51.41873     -0.777795
   6.65302136   6.65302136]
1895.0 1:[ 51.4951      -0.213248     1.          51.509193    -0.144747
   3.49583433   3.49583433]
5043.0 1:[ 51.555043    -0.611113     0.          52.296378    -0.675837
  76.28201304  76.28201304]
356.0 1:[ 51.435548    -0.974472     0.          51.444167    -0.977628
   0.87551201   0.87551201]
352.0 1:[ 53.715962    -1.801593     0.          53.698163    -1.778052
   1.85417164   1.85417164]
175.0 1:[ 53.56084     -0.638392     0.          53.56424     -0.624843
   0.72451881   0.72451881]
185.0 1:[ 51.074063    -1.771693     1.          51.074063    -1.771693
   0.29577269   0.29577269]
1335.0 1:[ 51.103317    -1.78202      0.          51.072253    -1.809707
   4.52171817   4.52171817]
535.0 1:[ 51.390015    -0.089897     1.          51.405842    -0.06578      1.63607035
   1.63607035]
2519.0 1:[ 51.537215   -0.733228    0.         51.456067   -0.968713   22.4861807
  22.4861807]
3016.0 1:[ 54.13428     -1.819165     0.          53.979353    -1.567607
  19.59121232  19.59121232]
1554.0 1:[ 53.859875    -1.510507     0.          53.796377    -1.537748
   5.79117951   5.79117951]
2121.0 1:[ 51.882717    -0.418783     1.          51.992652    -0.499468
  14.06225145  14.06225145]
518.0 1:[ 55.841488    -3.040463     0.          55.87134     -3.102262
   3.44861012   3.44861012]
384.0 1:[ 51.288967    -0.763838     1.          51.27597     -0.748217
   1.83739462   1.83739462]
342.0 1:[ 51.275935    -0.747933     1.          51.291725    -0.74993      1.64290543
   1.64290543]
413.0 1:[ 51.388635    -0.126308     1.          51.388635    -0.126308
   0.83760837   0.83760837]
498.0 1:[ 51.06235     -1.780375     0.          51.083812    -1.79756      2.25868428
   2.25868428]
