100.0 1:[ 50.888583     0.320075     0.          50.889592     0.320587
   0.22555774   0.22555774]
13606.0 1:[  50.811403     -0.772698      0.           52.822405     -1.307913
  186.19574187  186.19574187]
411.0 1:[ 50.7815     -0.825687    0.         50.811355   -0.772773    3.6754106
   3.6754106]
673.0 1:[ 51.47534     -0.863953     0.          51.454033    -0.892733
   3.77980096   3.77980096]
224.0 1:[ 52.297385    -0.62534      0.          52.296678    -0.62146      0.51573809
   0.51573809]
825.0 1:[ 52.331288    -0.616523     0.          52.291112    -0.667538
   6.55049511   6.55049511]
652.0 1:[ 53.724595    -1.887885     1.          53.723638    -1.946153
   3.38460888   3.38460888]
101.0 1:[ 0.          0.          0.          0.          0.          0.32311302
  0.32311302]
203.0 1:[ 51.982943    -0.223782     0.          51.983975    -0.222798
   0.83388014   0.83388014]
1169.0 1:[ 51.403492   -0.847983    0.         51.403195   -0.74873     5.9639207
   5.9639207]
464.0 1:[ 51.414855    -0.746355     0.          51.41877     -0.777907
   2.03001969   2.03001969]
950.0 1:[ 53.623842    -2.17675      1.          53.639472    -2.257198
   3.86120059   3.86120059]
781.0 1:[ 51.566262    -0.458402     0.          51.588147    -0.62802      8.64265191
   8.64265191]
2295.0 1:[ 51.499677    -0.217783     0.          51.555023    -0.611147
  23.02863776  23.02863776]
579.0 1:[ 51.48349     -1.085882     0.          51.433422    -1.07562      4.01778613
   4.01778613]
359.0 1:[ 51.618382    -0.76539      1.          51.618312    -0.765237
   1.52795176   1.52795176]
470.0 1:[ 53.698153    -1.776357     0.          53.715852    -1.801642
   1.81999622   1.81999622]
1575.0 1:[ 53.697367    -1.774467     0.          53.697645    -1.782235
   0.22058677   0.22058677]
288.0 1:[ 51.412753    -0.946143     0.          51.42087     -0.94858      1.01034956
   1.01034956]
2584.0 1:[ 53.564305    -0.6248       0.          53.589527    -0.69266      5.83343275
   5.83343275]
426.0 1:[ 51.075685    -1.800352     0.          51.07553     -1.800198
   1.77898572   1.77898572]
971.0 1:[  5.11827870e+01  -2.68200000e-02   1.00000000e+00   5.11254600e+01
  -1.79470000e-02   4.59069037e+00   4.59069037e+00]
265.0 1:[ 51.412253    -0.064933     1.          51.412123    -0.065505
   0.79100553   0.79100553]
720.0 1:[ 51.456053    -0.065815     0.          51.454345    -0.062758
   2.22450887   2.22450887]
3206.0 1:[ 51.455993    -0.968692     0.          51.533515    -0.750395
  21.54666746  21.54666746]
7663.0 1:[ 54.24602     -1.061453     0.          53.85977     -1.511067
  69.74643084  69.74643084]
645.0 1:[ 55.871345    -3.102195     1.          55.841497    -3.04039      3.69591585
   3.69591585]
445.0 1:[ 55.87088     -3.100212     0.          55.84794     -3.053605
   2.69302275   2.69302275]
1405.0 1:[ 51.275862    -0.747983     0.          51.314752    -0.745637
   4.45026048   4.45026048]
1043.0 1:[ 51.351802    -0.662738     0.          51.289163    -0.73929      7.43346357
   7.43346357]
116.0 1:[ 53.302742    -3.543142     0.          53.302195    -3.539785
   0.20256701   0.20256701]
538.0 1:[ 53.3022      -3.539775     0.          53.316422    -3.490602
   2.48299928   2.48299928]
721.0 1:[ 51.249312    -0.206947     0.          51.249312    -0.206947
   2.40657063   2.40657063]
1471.0 1:[ 51.358102   -0.1131      0.         51.40581    -0.065775    5.2220035
   5.2220035]
