1237.0 1:[ 50.88963      0.320517     0.          50.795278     0.324403
   8.74020719   8.74020719]
533.0 1:[ 51.130108    -1.088977     0.          51.139088    -1.0284       3.20938221
   3.20938221]
44.0 1:[  5.14231970e+01  -9.31802000e-01   1.00000000e+00   5.14231970e+01
  -9.31802000e-01   6.21371192e-04   6.21371192e-04]
817.0 1:[ 51.698718  -0.425925   0.        51.637945  -0.468473   7.670206
   7.670206]
384.0 1:[ 56.398253    -3.470192     0.          56.398377    -3.433648
   1.51117474   1.51117474]
549.0 1:[ 52.29108     -0.667428     0.          52.288258    -0.660082
   5.73214925   5.73214925]
1511.0 1:[ 53.723602    -1.945992     0.          53.732035    -1.717562
  12.10555357  12.10555357]
2439.0 1:[ 53.72362     -1.94588      0.          53.732043    -1.717585
  10.95850235  10.95850235]
261.0 1:[ 51.403088    -0.748663     0.          51.39278     -0.74151      1.76096596
   1.76096596]
4728.0 1:[ 52.218817    -1.50243      0.          51.40505     -0.748073
  80.54399805  80.54399805]
1551.0 1:[ 51.517648    -0.728928     0.          51.418758    -0.777865
  13.30728545  13.30728545]
1035.0 1:[ 53.862422    -2.11984      1.          53.823428    -2.238042
   6.41130796   6.41130796]
2163.0 1:[ 53.808078    -2.224532     1.          53.862347    -2.119835
   7.67393422   7.67393422]
350.0 1:[ 53.789408    -2.248193     0.          53.782475    -2.231092
   1.02091287   1.02091287]
277.0 1:[ 53.859698    -2.16965      0.          53.859255    -2.17069      0.13545892
   0.13545892]
126.0 1:[ 51.43346     -1.076037     0.          51.433797    -1.076038
   0.07145769   0.07145769]
268.0 1:[ 52.787412    -0.153878     0.          52.779148    -0.175388
   1.30550087   1.30550087]
185.0 1:[  5.36973100e+01  -1.77462800e+00   0.00000000e+00   5.36974420e+01
  -1.77517200e+00   4.66028394e-02   4.66028394e-02]
587.0 1:[ 53.564303    -0.624772     0.          53.590073    -0.638092
   3.15842977   3.15842977]
397.0 1:[ 51.074113   -1.771802    0.         51.074187   -1.771018    1.9175515
   1.9175515]
644.0 1:[ 51.075127    -1.816417     0.          51.074072    -1.771707
   3.11804064   3.11804064]
200.0 1:[ 51.076735    -1.809813     0.          51.076735    -1.809813
   0.67667323   0.67667323]
612.0 1:[ 51.075335    -1.800175     0.          51.063795    -1.778775
   2.03374791   2.03374791]
164.0 1:[  5.14314000e+01  -3.27170000e-02   1.00000000e+00   5.14313580e+01
  -3.48230000e-02   6.40012328e-02   6.40012328e-02]
842.0 1:[ 51.420573    -0.985428     0.          51.456008    -0.968725
   3.97242603   3.97242603]
736.0 1:[ 55.870758    -3.10021      0.          55.842693    -3.048768
   3.15035194   3.15035194]
692.0 1:[ 55.870907   -3.100212    0.         55.841468   -3.040437    3.4510956
   3.4510956]
99.0 1:[ 53.30275     -3.543132     0.          53.30224     -3.539765
   0.18206176   0.18206176]
1521.0 1:[ 53.325125    -3.833987     0.          53.302723    -3.543187
  15.13287402  15.13287402]
415.0 1:[ 53.04426     -2.987027     0.          53.050077    -3.005098
   1.66465342   1.66465342]
