581.0 1:[ 50.768883    -0.77926      0.          50.811367    -0.772702
   3.80900541   3.80900541]
379.0 1:[ 50.8444      -0.756562     0.          50.866865    -0.733582
   2.80921916   2.80921916]
1097.0 1:[ 50.822795    -0.74958      0.          50.826612    -0.776915
   3.30507337   3.30507337]
1004.0 1:[ 51.712203    -0.450498     0.          51.658005    -0.397942
   4.88956991   4.88956991]
367.0 1:[ 52.29966     -0.614298     0.          52.326315    -0.611297
   2.88502645   2.88502645]
532.0 1:[ 51.981963    -0.202202     0.          51.987773    -0.232997
   1.94427046   1.94427046]
1597.0 1:[ 51.987638    -0.232505     0.          52.043198    -0.35677     10.32781059
  10.32781059]
364.0 1:[ 51.403022    -0.748482     0.          51.402968    -0.748388
   1.82558856   1.82558856]
2360.0 1:[ 53.623902   -2.176733    0.         53.859912   -2.166992   25.1027748
  25.1027748]
499.0 1:[ 53.793482    -2.24229      0.          53.786055    -2.23974      0.77112165
   0.77112165]
2439.0 1:[ 51.111365    -1.044307     1.          50.860243    -0.75297     23.86624612
  23.86624612]
324.0 1:[ 51.663085    -0.286887     0.          51.6631      -0.286915
   1.32165653   1.32165653]
5386.0 1:[ 51.633578    -0.770985     0.          51.433352    -1.076215
  30.19429034  30.19429034]
446.0 1:[ 53.715855   -1.801498    0.         53.697333   -1.774402    1.9952229
   1.9952229]
3334.0 1:[ 53.564257    -0.624505     0.          53.239503    -0.514333
  28.28978764  28.28978764]
568.0 1:[ 51.063272    -1.77468      0.          51.074035    -1.771713
   2.06481647   2.06481647]
5166.0 1:[ 51.130975     0.247463     1.          51.405913    -0.065917
  35.41877933  35.41877933]
604.0 1:[ 51.874815     0.352958     0.          51.808428     0.136932
   4.52296091   4.52296091]
261.0 1:[ 53.003535   -2.131245    0.         52.987062   -2.12911     1.4776207
   1.4776207]
2708.0 1:[ 51.533138    -0.74932      0.          51.309137    -0.781847
  26.96005329  26.96005329]
222.0 1:[ 55.887015    -3.162872     0.          55.880273    -3.165357
   0.65243975   0.65243975]
1872.0 1:[ 51.37317     -0.11885      1.          51.408475    -0.214707
   6.16089537   6.16089537]
340.0 1:[ 51.275993    -0.748332     0.          51.291075    -0.750015
   1.62115744   1.62115744]
1995.0 1:[ 53.65881     -1.51534      0.          53.666575    -1.514355
   6.12237036   6.12237036]
