1238.0 1:[ 50.785908     0.305208     0.          50.889573     0.320485
  11.98003659  11.98003659]
1374.0 1:[ 50.79621     -1.104735     0.          50.834277    -0.80016     17.42138412
  17.42138412]
741.0 1:[ 51.38626      1.37896      0.          51.386252     1.378945
   3.42002704   3.42002704]
1271.0 1:[ 51.43422     -0.902913     1.          51.434243    -0.902903
   6.05091267   6.05091267]
977.0 1:[ 51.434295    -0.902868     0.          51.43381     -0.903093
   5.42892011   5.42892011]
641.0 1:[ 51.658005    -0.397942     0.          51.680053    -0.392818
   3.26033465   3.26033465]
823.0 1:[ 51.638008    -0.468103     0.          51.698617    -0.42611      7.31167482
   7.31167482]
95.0 1:[ 51.762122    -0.349383     0.          51.760277    -0.339825
   0.41259047   0.41259047]
713.0 1:[ 51.567232    -3.230958     1.          51.572693    -3.217522
   1.90823093   1.90823093]
1435.0 1:[ 51.573192    -3.233377     0.          51.567298    -3.231057
  20.41887875  20.41887875]
717.0 1:[ 51.987832    -0.232868     0.          51.987832    -0.232868
   1.93432852   1.93432852]
4147.0 1:[ 51.589795     0.492677     0.          51.323747    -0.199293
  50.92758292  50.92758292]
682.0 1:[ 53.844898    -1.688408     0.          53.832277    -1.644922
   2.51966018   2.51966018]
627.0 1:[ 53.862365    -2.11998      0.          53.855678    -2.174452
   2.33759843   2.33759843]
566.0 1:[ 53.697758    -1.78123      0.          53.715872    -1.801643
   1.81129703   1.81129703]
4331.0 1:[ 53.747537    -1.820933     0.          53.715887    -1.801623
  23.15601885  23.15601885]
87.0 1:[  5.36974420e+01  -1.77517200e+00   0.00000000e+00   5.36973000e+01
  -1.77468300e+00   3.60395291e-02   3.60395291e-02]
906.0 1:[ 53.944453    -2.113318     0.          53.94459     -2.113028
   7.14141911   7.14141911]
3088.0 1:[ 53.23951     -0.514422     1.          53.564267    -0.624748
  26.19887358  26.19887358]
198.0 1:[ 53.564268    -0.624833     0.          53.560918    -0.638438
   0.69717848   0.69717848]
516.0 1:[ 53.58848     -0.655033     0.          53.564265    -0.62475      2.88564782
   2.88564782]
615.0 1:[ 51.074148    -1.77173      1.          51.074142    -1.799772
   1.90077448   1.90077448]
757.0 1:[ 51.075145    -1.816427     0.          51.074412    -1.771847
   3.22926609   3.22926609]
5899.0 1:[ 51.874952     0.352765     0.          51.556167    -0.528358
  95.01511175  95.01511175]
1202.0 1:[ 51.946717    -0.503248     0.          52.048692    -0.706183
  12.58090253  12.58090253]
369.0 1:[ 52.022888    -0.496983     0.          52.022867    -0.496978
   0.82642369   0.82642369]
1687.0 1:[ 52.023112    -0.49738      0.          51.99658     -0.42633     12.06143621
  12.06143621]
1299.0 1:[ 55.84142     -3.04033      0.          55.958795    -3.123233
  12.14035035  12.14035035]
530.0 1:[ 51.351767    -0.662845     0.          51.354928    -0.603992
   3.71331424   3.71331424]
684.0 1:[ 53.30321     -3.542713     0.          53.302793    -3.543237
   1.95669788   1.95669788]
1357.0 1:[ 53.325925    -3.835213     0.          53.302717    -3.54315     15.34724708
  15.34724708]
