680.0 1:[ 50.829155    -0.754763     0.          50.811397    -0.772722
   3.72325618   3.72325618]
404.0 1:[ 51.462295    -0.861098     0.          51.434187    -0.903128
   2.83345264   2.83345264]
159.0 1:[ 51.698545    -0.426217     0.          51.70641     -0.416678
   0.78603456   0.78603456]
2805.0 1:[ 51.638107   -0.468378    0.         51.760288   -0.339857   13.9274139
  13.9274139]
222.0 1:[ 52.330938    -0.61665      0.          52.325333    -0.614353
   0.59340949   0.59340949]
2033.0 1:[ 52.331043   -0.616797    0.         52.4027     -0.742977   10.5950002
  10.5950002]
410.0 1:[ 51.386512    -0.772227     0.          51.407767    -0.748075
   1.83615187   1.83615187]
1851.0 1:[ 51.56535      0.10384      0.          51.570447     0.128185
   5.56251491   5.56251491]
593.0 1:[ 51.569068     0.14729      0.          51.567717     0.129322
   0.87986161   0.87986161]
2180.0 1:[ 51.419022    -0.777385     0.          51.517727    -0.729512
   9.88290881   9.88290881]
3631.0 1:[ 51.555223    -0.61102      0.          51.433847    -1.075698
  26.75810765  26.75810765]
1095.0 1:[ 51.47926     -1.042315     0.          51.433395    -1.075672
   6.06582558   6.06582558]
129.0 1:[ 51.520987    -0.648857     0.          51.521043    -0.648315
   0.14291537   0.14291537]
500.0 1:[ 51.062717    -1.774248     0.          51.07402     -1.771735
   2.08904995   2.08904995]
541.0 1:[ 51.061263    -1.773685     0.          51.061263    -1.773685
   3.23175157   3.23175157]
806.0 1:[ 51.074142    -1.771695     0.          51.073937    -1.829665
   3.32619999   3.32619999]
418.0 1:[ 51.523892    -0.727877     0.          51.533455    -0.74997      2.08656446
   2.08656446]
1382.0 1:[ 53.859792    -1.511123     0.          53.871712    -1.447342
   7.23835302   7.23835302]
251.0 1:[ 55.88004     -3.165148     1.          55.882988    -3.165488
   0.30695737   0.30695737]
649.0 1:[ 55.943145    -3.219593     0.          55.940802    -3.282358
   3.05590352   3.05590352]
1417.0 1:[ 51.408537    -0.214735     0.          51.416237    -0.179602
   2.33946254   2.33946254]
685.0 1:[ 51.314762    -0.74568      0.          51.275983    -0.748148
   3.24045077   3.24045077]
