507.0 1:[ 50.835072    -0.797035     0.          50.811335    -0.772735
   3.48962062   3.48962062]
193.0 1:[ 51.467463    -0.856877     0.          51.472542    -0.859125
   0.76117971   0.76117971]
2749.0 1:[ 52.331038    -0.616985     0.          52.040575    -0.757445
  25.36064384  25.36064384]
227.0 1:[ 53.731892    -1.717093     1.          53.735612    -1.721073
   0.58036069   0.58036069]
1792.0 1:[ 52.043948    -0.355895     0.          51.987845    -0.232888
  11.97133739  11.97133739]
493.0 1:[ 51.402928    -0.74831      0.          51.382547    -0.773042
   3.16153663   3.16153663]
1787.0 1:[ 51.403008   -0.837063    0.         51.424345   -0.93191    11.1579625
  11.1579625]
1233.0 1:[ 51.350695   -0.194238    1.         51.369622   -0.081975    5.9229102
   5.9229102]
602.0 1:[ 51.367878    -0.117828     0.          51.379748    -0.126682
   1.39932792   1.39932792]
366.0 1:[ 51.572057     0.140177     0.          51.569187     0.147057
   1.83180227   1.83180227]
520.0 1:[ 51.42701    -0.732663    0.         51.41875    -0.777857    3.0434761
   3.0434761]
425.0 1:[ 51.461783    -1.013257     0.          51.471023    -1.029467
   2.45690169   2.45690169]
337.0 1:[ 51.68201     -1.262153     1.          51.68201     -1.262153
   1.14145888   1.14145888]
524.0 1:[ 53.715805    -1.801608     0.          53.69827     -1.77823      1.81440388
   1.81440388]
756.0 1:[ 53.564182   -0.624793    1.         53.590528   -0.648002    2.7371401
   2.7371401]
2990.0 1:[ 53.239628    -0.514307     0.          53.564243    -0.62479     26.15848445
  26.15848445]
3298.0 1:[ 53.239473    -0.514415     0.          53.564267    -0.624718
  27.49070429  27.49070429]
324.0 1:[ 53.566043    -0.647718     0.          53.564258    -0.624787
   1.10417661   1.10417661]
1453.0 1:[ 55.176477    -1.699122     0.          55.100808    -1.591133
   8.31456792   8.31456792]
778.0 1:[ 52.0244      -0.783618     0.          52.041297    -0.716405
   4.36886085   4.36886085]
633.0 1:[ 55.958455    -3.12255      0.          55.954648    -3.140978
   1.01718464   1.01718464]
1121.0 1:[ 55.841395    -3.040415     0.          55.958818    -3.123148
  12.07075678  12.07075678]
1523.0 1:[ 51.354915    -0.604012     0.          51.275995    -0.748197
  11.74515828  11.74515828]
1084.0 1:[ 53.302817   -3.54308     0.         53.311372   -3.49817     2.6594687
   2.6594687]
855.0 1:[ 53.302902    -3.542987     0.          53.317447    -3.487873
   2.93660025   2.93660025]
392.0 1:[ 53.67928     -1.544188     0.          53.674048    -1.53906      2.11514754
   2.11514754]
