978.0 1:[ 50.889597     0.320412     1.          50.861023     0.245348
   5.50659151   5.50659151]
163.0 1:[ 52.326315    -0.61129      0.          52.331043    -0.616762
   0.47845582   0.47845582]
2588.0 1:[ 53.723633    -1.946178     0.          53.732268    -1.717022
  13.01461962  13.01461962]
547.0 1:[ 51.58592   -3.222392   1.        51.56731   -3.230965   3.222431
   3.222431]
32.0 1:[  5.15912970e+01  -3.19807300e+00   1.00000000e+00   5.15911600e+01
  -3.19793800e+00   6.21371192e-04   6.21371192e-04]
534.0 1:[ 51.591887    -3.198822     0.          51.567345    -3.230943
   2.95772688   2.95772688]
1675.0 1:[  5.17943820e+01  -1.84800000e-02   0.00000000e+00   5.18882030e+01
  -1.86415000e-01   1.25336783e+01   1.25336783e+01]
171.0 1:[ 51.402637    -0.837797     0.          51.40311     -0.847742
   0.73818898   0.73818898]
1076.0 1:[ 53.844998    -1.688477     0.          53.836172    -1.61857      3.78352919
   3.78352919]
248.0 1:[ 53.802027    -2.226828     1.          53.808025    -2.224563
   0.52443729   0.52443729]
182.0 1:[ 51.460267   -0.99837     0.         51.461847   -1.013307    0.8929104
   0.8929104]
315.0 1:[ 52.778995  -0.175573   1.        52.779062  -0.175382   1.285617
   1.285617]
334.0 1:[ 51.68201     -1.262153     1.          51.681977    -1.262198
   1.13710928   1.13710928]
1909.0 1:[  5.11827800e+01  -2.56770000e-02   0.00000000e+00   5.11255230e+01
  -1.80120000e-02   6.77481011e+00   6.77481011e+00]
627.0 1:[ 51.521102    -0.752808     0.          51.522798    -0.71442      2.05798139
   2.05798139]
3062.0 1:[ 52.022888    -0.49702      0.          51.828183    -0.418287
  45.60988825  45.60988825]
1313.0 1:[ 55.841398   -3.040367    0.         55.873215   -3.115563    4.4347262
   4.4347262]
302.0 1:[ 51.27607     -0.747962     0.          51.286163    -0.747112
   0.99667939   0.99667939]
1946.0 1:[ 53.302693    -3.543168     0.          53.323832    -3.83555     21.39194604
  21.39194604]
