679.0 1:[ 50.841308    -0.774353     0.          50.844197    -0.757018
   1.70131432   1.70131432]
339.0 1:[ 50.811465    -0.772637     0.          50.809213    -0.736998
   2.23631492   2.23631492]
895.0 1:[ 51.423037   -0.93431     0.         51.426128   -1.039917    7.2408385
   7.2408385]
556.0 1:[ 56.393088    -3.442905     1.          56.40757     -3.481047
   2.08345761   2.08345761]
447.0 1:[ 51.472483    -0.858972     0.          51.49053     -0.871667
   1.65160463   1.65160463]
1033.0 1:[ 52.402622    -0.742738     0.          52.329512    -0.600393
  10.69690507  10.69690507]
1376.0 1:[ 51.30483     -0.43957      0.          51.30483     -0.43957      9.96865804
   9.96865804]
249.0 1:[ 53.724793    -1.715365     0.          53.73199     -1.717573
   0.77982085   0.77982085]
275.0 1:[ 51.403552   -0.848157    0.         51.403723   -0.848445    0.7829277
   0.7829277]
447.0 1:[ 51.367363    -0.178628     1.          51.351022    -0.194697
   1.77774298   1.77774298]
167.0 1:[ 51.351002    -0.1946       1.          51.354208    -0.184258
   0.72141195   0.72141195]
451.0 1:[ 53.85993     -2.166995     0.          53.862288    -2.119928
   2.28291776   2.28291776]
5615.0 1:[ 52.296387   -0.675832    0.         51.55501    -0.611413   68.6472252
  68.6472252]
7278.0 1:[  51.479222     -1.042408      0.            0.            0.
  111.81823153  111.81823153]
1321.0 1:[ 51.527115    -0.89275      0.          51.536802    -1.024138
   8.22571184   8.22571184]
336.0 1:[ 52.793185    -0.16364      1.          52.779097    -0.175288
   1.50620377   1.50620377]
54.0 1:[  5.16183120e+01  -7.65237000e-01   1.00000000e+00   5.16183120e+01
  -7.65237000e-01   8.07782550e-03   8.07782550e-03]
857.0 1:[ 51.412817    -0.946075     0.          51.43353     -1.076077
   7.49932892   7.49932892]
635.0 1:[ 51.075112    -1.816428     0.          51.074067    -1.771753
   3.08697208   3.08697208]
693.0 1:[ 54.572748    -6.007102     0.          54.581638    -5.991078
   1.27132546   1.27132546]
1053.0 1:[ 53.977945    -1.521633     0.          54.008353    -1.530068
   2.89745387   2.89745387]
623.0 1:[  5.11925480e+01  -9.79630000e-02   0.00000000e+00   5.11827980e+01
  -2.58220000e-02   4.94735743e+00   4.94735743e+00]
118.0 1:[  5.30374650e+01  -2.16960000e+00   1.00000000e+00   5.30376080e+01
  -2.16988000e+00   8.07782550e-03   8.07782550e-03]
535.0 1:[ 55.871685    -3.098818     0.          55.841472    -3.040388
   3.24604311   3.24604311]
1096.0 1:[ 51.276002   -0.748102    1.         51.362428   -0.688452    7.5192128
   7.5192128]
550.0 1:[ 51.27238     -0.721225     0.          51.275985    -0.748187
   1.77650024   1.77650024]
468.0 1:[ 53.30285     -3.543208     0.          53.30553     -3.524413
   1.02153424   1.02153424]
1558.0 1:[ 50.359517    -4.507497     0.          50.441448    -4.678698
  12.88661716  12.88661716]
3025.0 1:[ 50.97765     -3.14898      0.          50.939967    -2.697928
  25.50728744  25.50728744]
