692.0 1:[ 50.811473    -0.772412     0.          50.738417    -0.782073
   5.80547105   5.80547105]
628.0 1:[ 50.841423    -0.774868     0.          50.811268    -0.772712
   3.53000974   3.53000974]
410.0 1:[ 51.453973   -0.892612    0.         51.454027   -0.892752    1.9498628
   1.9498628]
1066.0 1:[ 51.42718     -0.936747     0.          51.467697    -0.905122
   7.47012447   7.47012447]
1251.0 1:[ 51.637803    -0.468388     0.          51.698607    -0.426167
   6.51942655   6.51942655]
2084.0 1:[  5.16820330e+01   2.91070000e-02   0.00000000e+00   5.16985620e+01
  -4.26203000e-01   2.66257556e+01   2.66257556e+01]
125.0 1:[ 51.698588    -0.426247     0.          51.699123    -0.434208
   0.53127237   0.53127237]
1203.0 1:[ 51.748225    -0.453053     0.          51.76032     -0.339853
   6.40385151   6.40385151]
507.0 1:[ 51.4726      -0.859025     0.          51.470088    -0.897715
   2.61224449   2.61224449]
238.0 1:[ 51.46953     -0.857512     0.          51.472513    -0.85913      0.78106359
   0.78106359]
798.0 1:[ 52.291032    -0.667392     0.          52.331002    -0.616695
   5.76694604   5.76694604]
720.0 1:[ 53.731898   -1.717348    1.         53.744078   -1.644205    4.7969856
   4.7969856]
526.0 1:[ 53.714567    -1.87802      0.          53.723627    -1.946223
   3.43804681   3.43804681]
1226.0 1:[ 52.044097    -0.355838     0.          51.987862    -0.232875
  10.34023801  10.34023801]
1841.0 1:[ 51.35071     -0.194432     0.          51.367872    -0.117913
   3.83323888   3.83323888]
489.0 1:[ 53.862328    -2.119908     0.          53.858737    -2.174958
   2.29907341   2.29907341]
2407.0 1:[ 51.55509     -0.610878     0.          51.637915    -0.467967
  13.90566591  13.90566591]
917.0 1:[ 51.433413    -1.075758     0.          51.433588    -1.076198
   6.60952537   6.60952537]
346.0 1:[ 51.672993    -0.276357     1.          51.660093    -0.26827      1.56834089
   1.56834089]
132.0 1:[  5.27790620e+01  -1.75382000e-01   1.00000000e+00   5.27790620e+01
  -1.75382000e-01   1.98838782e-02   1.98838782e-02]
498.0 1:[ 52.779067    -0.175233     1.          52.81047     -0.138097
   3.38025929   3.38025929]
226.0 1:[ 51.424305    -1.06769      0.          51.433385    -1.076015
   0.97990237   0.97990237]
1445.0 1:[  5.11827200e+01  -2.57020000e-02   1.00000000e+00   5.12773170e+01
  -2.09710000e-01   1.41921180e+01   1.41921180e+01]
1372.0 1:[  5.12771420e+01  -2.09745000e-01   0.00000000e+00   5.11827930e+01
  -2.58920000e-02   1.39348704e+01   1.39348704e+01]
1153.0 1:[ 51.277415    -0.210015     0.          51.277265    -0.209747
   0.11743916   0.11743916]
1551.0 1:[ 51.405897    -0.06582      0.          51.45414     -0.057752
   4.73857671   4.73857671]
646.0 1:[ 51.522792    -0.714307     1.          51.521083    -0.752738
   2.15367255   2.15367255]
41.0 1:[  5.15210920e+01  -7.52760000e-01   0.00000000e+00   5.15210750e+01
  -7.52757000e-01   6.21371192e-04   6.21371192e-04]
460.0 1:[ 55.841508    -3.040362     0.          55.871782    -3.09877      3.25598505
   3.25598505]
1534.0 1:[ 51.408593    -0.094498     1.          51.40858     -0.094445
   3.34670524   3.34670524]
