592.0 1:[ 50.795273     0.324363     0.          50.79553      0.324803
   3.73506224   3.73506224]
724.0 1:[ 51.434198    -0.902648     0.          51.47556     -0.863693
   5.42146365   5.42146365]
30.0 1:[  5.15672220e+01  -3.23089500e+00   0.00000000e+00   5.15673200e+01
  -3.23089300e+00   1.24274238e-03   1.24274238e-03]
1524.0 1:[ 51.40315     -0.74876      0.          51.403432    -0.848095
   5.83653961   5.83653961]
896.0 1:[ 53.849942    -1.671125     0.          53.844832    -1.68848      1.82931679
   1.82931679]
474.0 1:[ 53.808027    -2.22461      1.          53.791993    -2.241048
   1.39808518   1.39808518]
547.0 1:[ 51.433533    -1.075678     0.          51.483638    -1.085733
   4.47076573   4.47076573]
3532.0 1:[ 51.53697     -1.02415      0.          51.536817    -1.024145
  28.99939354  28.99939354]
1739.0 1:[  0.           0.           0.           0.           0.          15.97607472
  15.97607472]
2670.0 1:[ 53.222077    -0.530657     0.          53.564233    -0.624778
  27.31112801  27.31112801]
791.0 1:[ 51.103233    -1.782045     0.          51.08591     -1.775852
   4.51736857   4.51736857]
1014.0 1:[ 54.572752    -6.007012     0.          54.587523    -5.920288
   4.82184045   4.82184045]
3165.0 1:[ 51.536253     0.069957     0.          51.8745       0.352988
  32.84319574  32.84319574]
831.0 1:[ 55.100812    -1.591032     0.          55.100877    -1.59136      4.67643959
   4.67643959]
1304.0 1:[ 53.131477    -2.16082      1.          53.03753     -2.169885
   7.52231965   7.52231965]
53.0 1:[  5.30382670e+01  -2.17099800e+00   1.00000000e+00   5.30375220e+01
  -2.16958000e+00   4.10104987e-02   4.10104987e-02]
860.0 1:[ 51.531355    -0.734207     0.          51.526167    -0.769795
   1.95607651   1.95607651]
1837.0 1:[ 53.859887    -1.51109      0.          53.797955    -1.550095
   6.13976875   6.13976875]
4585.0 1:[ 54.060133    -2.154545     0.          54.134277    -1.819208
  31.81234093  31.81234093]
4184.0 1:[ 55.960455    -3.126012     1.          55.926573    -3.267408
  15.07508649  15.07508649]
843.0 1:[ 55.87216     -3.11723      0.          55.841498    -3.040435
   4.21786765   4.21786765]
