1160.0 1:[ 50.796853     0.28255      0.          50.889565     0.320492
  11.28223674  11.28223674]
420.0 1:[ 50.823747    -0.74936      0.          50.811383    -0.772738
   2.15740078   2.15740078]
580.0 1:[ 51.386252     1.378945     0.          51.35702      1.39954      2.74832478
   2.74832478]
19.0 1:[  5.14334580e+01  -1.07592300e+00   0.00000000e+00   5.14338300e+01
  -1.07576300e+00   4.97096954e-03   4.97096954e-03]
1042.0 1:[ 51.760208    -0.339865     0.          51.750507    -0.225942
   6.95003679   6.95003679]
605.0 1:[ 51.591378    -3.198882     1.          51.567285    -3.230997
   2.88937604   2.88937604]
1078.0 1:[ 51.557795    -1.89098      1.          51.511465    -1.768645
   8.22384773   8.22384773]
416.0 1:[ 51.982348    -0.202138     0.          51.98242     -0.202407
   1.92873618   1.92873618]
479.0 1:[ 51.414693    -0.756167     0.          51.40296     -0.748665
   1.90325996   1.90325996]
1036.0 1:[ 51.403302    -0.748695     0.          51.423222    -0.980305
  12.05895073  12.05895073]
436.0 1:[ 51.414695    -0.746165     0.          51.41877     -0.77786      2.02442734
   2.02442734]
1493.0 1:[ 53.690723    -2.327005     1.          53.862373    -2.119885
  18.68028215  18.68028215]
260.0 1:[ 53.806127    -2.234747     1.          53.802062    -2.226998
   0.51387398   0.51387398]
622.0 1:[ 51.433427    -1.075752     0.          51.483463    -1.085807
   4.49686332   4.49686332]
2023.0 1:[  0.           0.           0.          51.433322    -1.07601     14.72463314
  14.72463314]
747.0 1:[ 51.485553    -1.083043     0.          51.43332     -1.075882
   4.29118945   4.29118945]
1522.0 1:[ 53.564235    -0.624677     0.          53.56427     -0.624853
   4.95170703   4.95170703]
1304.0 1:[ 53.564227    -0.62471      0.          53.591372    -0.639597
   6.74125606   6.74125606]
1684.0 1:[ 54.572597    -6.007347     0.          54.582427    -5.977912
   5.69300286   5.69300286]
723.0 1:[ 51.143343    -0.06226      1.          51.214423    -0.051442
   7.03143641   7.03143641]
1359.0 1:[  5.12772850e+01  -2.09625000e-01   0.00000000e+00   5.11827470e+01
  -2.59020000e-02   1.38503639e+01   1.38503639e+01]
1460.0 1:[ 51.373275     0.095617     1.          51.40581     -0.065603
   8.92848266   8.92848266]
204.0 1:[ 51.872907     0.362857     0.          51.872578     0.35627      1.09920564
   1.09920564]
1101.0 1:[ 55.958533    -3.122478     1.          55.940563    -3.176482
   3.53560208   3.53560208]
860.0 1:[ 55.87326     -3.115627     0.          55.841503    -3.040405
   4.22221725   4.22221725]
475.0 1:[ 55.841065    -3.042575     0.          55.871372    -3.102302
   3.28953909   3.28953909]
196.0 1:[ 51.36068     -0.692225     0.          51.355243    -0.698973
   0.73321801   0.73321801]
2187.0 1:[ 53.324002    -3.835172     0.          53.302722    -3.543128
  20.85259584  20.85259584]
468.0 1:[ 53.302677   -3.543117    0.         53.30264    -3.543137    0.6406337
   0.6406337]
284.0 1:[ 51.408782    -0.094687     1.          51.408782    -0.094687
   0.58036069   0.58036069]
491.0 1:[  5.14459900e+01  -1.91932000e-01   0.00000000e+00   5.14460300e+01
  -1.91373000e-01   4.72242106e-02   4.72242106e-02]
896.0 1:[ 51.405928   -0.06596     0.         51.405843   -0.065763    0.9016096
   0.9016096]
350.0 1:[ 53.678298    -1.497283     0.          53.67685     -1.502243
   1.42169729   1.42169729]
