592.0 1:[ 51.359962     1.4356       0.          51.359962     1.4356       2.39227909
   2.39227909]
1722.0 1:[ 51.434295    -0.903157     0.          51.425015    -0.937838
   6.96805655   6.96805655]
654.0 1:[ 51.46895     -0.90086      0.          51.472513    -0.85918      3.17893502
   3.17893502]
506.0 1:[ 51.490582    -0.871657     0.          51.472523    -0.85917      1.66589617
   1.66589617]
373.0 1:[ 53.710012    -1.909615     0.          53.723602    -1.946225
   2.05363179   2.05363179]
403.0 1:[ 51.379883    -0.126578     0.          51.3837      -0.123525
   0.94821244   0.94821244]
1862.0 1:[ 53.713038    -2.477715     0.          53.85736     -2.166367
  18.46901595  18.46901595]
3291.0 1:[ 51.555027    -0.611258     0.          51.63842     -0.46559     11.53078521
  11.53078521]
874.0 1:[ 51.43279     -1.076603     0.          51.434543    -1.076123
   6.60144755   6.60144755]
197.0 1:[ 51.473603    -1.049695     0.          51.473603    -1.049695
   0.88358984   0.88358984]
244.0 1:[ 51.66773    -0.282823    1.         51.668072   -0.283163    0.8562495
   0.8562495]
3193.0 1:[ 53.221985    -0.530743     0.          53.564267    -0.624775
  27.34903166  27.34903166]
657.0 1:[ 53.564317    -0.624672     0.          53.562547    -0.613793
   1.73051877   1.73051877]
511.0 1:[ 53.564252    -0.6248       0.          53.566027    -0.647713
   1.08739959   1.08739959]
448.0 1:[ 51.841715     0.191408     0.          51.841715     0.191408
   2.71601348   2.71601348]
5283.0 1:[ 52.940972    -1.504793     1.          52.024363    -0.783602
  83.27740993  83.27740993]
1379.0 1:[ 55.84141     -3.040405     0.          55.958668    -3.122577
  12.10120397  12.10120397]
580.0 1:[ 51.408437    -0.214647     0.          51.401705    -0.24038      1.48569852
   1.48569852]
1027.0 1:[ 51.275903    -0.748157     1.          51.283425    -0.767778
   2.90801718   2.90801718]
2868.0 1:[ 53.302912    -3.542777     0.          53.32462     -3.834278
  18.62435874  18.62435874]
720.0 1:[ 51.24937     -0.206793     0.          51.24937     -0.206793
   2.87756999   2.87756999]
2382.0 1:[ 53.799378    -1.539003     0.          53.799452    -1.538895
  24.43107254  24.43107254]
