223.0 1:[ 50.82306     -0.749547     0.          50.810705    -0.736972
   1.36825937   1.36825937]
375.0 1:[ 51.366933    -0.178695     1.          51.355238    -0.17686      1.00165036
   1.00165036]
122.0 1:[ 52.326005    -0.611452     0.           0.           0.           0.27651018
   0.27651018]
1738.0 1:[ 53.73205     -1.717175     0.          53.714535    -1.877775
   8.28163525   8.28163525]
1761.0 1:[ 51.411722    -0.689907     1.          51.403133    -0.748673
   5.95460014   5.95460014]
770.0 1:[ 51.336847    -0.776727     0.          51.4032      -0.748745
   6.38272489   6.38272489]
462.0 1:[ 51.427335    -0.731772     0.          51.403138    -0.748715
   3.17085719   3.17085719]
4232.0 1:[ 51.58949      0.492707     1.          51.350703    -0.194622
  53.93936908  53.93936908]
229.0 1:[ 51.375333    -0.117603     0.          51.376385    -0.118432
   0.20629524   0.20629524]
912.0 1:[ 53.786638    -2.250258     0.          53.80803     -2.22453      2.51966018
   2.51966018]
661.0 1:[ 51.082747    -1.106568     1.          51.107565    -1.045243
   3.49956255   3.49956255]
763.0 1:[ 51.433397    -1.075972     0.          51.45895     -1.040593
   3.36099678   3.36099678]
514.0 1:[ 52.779302    -0.175707     1.          52.779302    -0.175707
   3.39144397   3.39144397]
1166.0 1:[ 53.815133    -1.929268     0.          53.783457    -1.878643
   6.28889784   6.28889784]
2735.0 1:[ 53.23969     -0.51464      0.          53.564232    -0.624772
  26.15972719  26.15972719]
2596.0 1:[  5.11828730e+01  -2.58430000e-02   0.00000000e+00   5.12773720e+01
  -2.09518000e-01   1.68391593e+01   1.68391593e+01]
206.0 1:[ 51.372513    -0.118392     1.          51.367685    -0.117993
   0.41259047   0.41259047]
859.0 1:[ 51.858192     0.130162     0.          51.871515     0.36185     10.98832816
  10.98832816]
3123.0 1:[ 51.533505    -0.750483     0.          51.654473    -0.198965
  43.92100135  43.92100135]
587.0 1:[ 55.882573    -3.086853     0.          55.841462    -3.040437
   4.01902887   4.01902887]
1585.0 1:[ 55.95886     -3.12271      0.          55.841487    -3.040395
  12.54424163  12.54424163]
703.0 1:[ 51.354918   -0.604025    0.         51.371463   -0.685108    6.2335958
   6.2335958]
731.0 1:[  5.12759750e+01  -7.48193000e-01   0.00000000e+00   5.12759770e+01
  -7.48198000e-01   6.21371192e-04   6.21371192e-04]
644.0 1:[ 53.318207    -3.492148     0.          53.302725    -3.54318      2.45814444
   2.45814444]
363.0 1:[ 51.394205    -0.110138     1.          51.394205    -0.110138
   0.92025074   0.92025074]
