316.0 1:[ 51.430675    -0.986512     1.          51.423197    -0.931802
   1.65098326   1.65098326]
298.0 1:[ 51.420683    -1.01018      1.          51.441462    -1.060897
   1.08553547   1.08553547]
2653.0 1:[ 56.521408    -3.166847     1.          56.398243    -3.470013
  27.55222003  27.55222003]
304.0 1:[ 56.397982    -3.443057     0.          56.397965    -3.481327
   1.47886344   1.47886344]
788.0 1:[ 53.723562    -1.861737     0.          53.723602    -1.946225
   4.23650879   4.23650879]
1421.0 1:[ 51.987812   -0.232582    0.         51.987723   -0.232673    8.9384246
   8.9384246]
276.0 1:[ 51.987543   -0.232913    0.         51.987865   -0.232943    1.0439036
   1.0439036]
11656.0 1:[  51.403102     -0.748673      1.           53.13875      -2.337288
  178.07814861  178.07814861]
1610.0 1:[ 53.855418    -2.18388      0.          53.862353    -2.119858
   6.43492007   6.43492007]
2361.0 1:[ 51.111387    -1.044125     1.          51.087923    -0.645765
  24.06197805  24.06197805]
3013.0 1:[ 51.433443    -1.075935     0.          51.555025    -0.611093
  25.83412869  25.83412869]
1062.0 1:[ 51.43331     -1.075622     0.          51.47927     -1.042358
   6.57534996   6.57534996]
613.0 1:[ 52.81047     -0.138097     1.          52.779187    -0.175417
   3.39517219   3.39517219]
522.0 1:[ 52.780178   -0.17529     1.         52.780178   -0.17529     1.3912501
   1.3912501]
805.0 1:[ 53.56428     -0.624875     0.          53.564275    -0.624783
   1.84609381   1.84609381]
619.0 1:[ 53.56142     -0.636798     0.          53.564235    -0.624777
   2.91050266   2.91050266]
1049.0 1:[ 53.590015    -0.638233     0.          53.564245    -0.624765
   2.48175654   2.48175654]
850.0 1:[ 51.099092    -1.75781      0.          51.099092    -1.75781      3.07516603
   3.07516603]
1419.0 1:[ 53.859822    -1.511163     0.          53.796287    -1.537247
   5.74271256   5.74271256]
620.0 1:[ 55.871335   -3.102192    1.         55.8415     -3.040398    3.4554452
   3.4554452]
1058.0 1:[ 51.346763    -0.71291      0.          51.276003    -0.748192
   6.37899666   6.37899666]
