1709.0 1:[ 50.908618    -0.566448     0.          50.81138     -0.77276     15.21986598
  15.21986598]
844.0 1:[ 50.811443    -0.77272      0.          50.732053    -0.79271      6.44299789
   6.44299789]
1523.0 1:[ 50.811372    -0.772787     0.          50.838007    -0.770812
   2.68805178   2.68805178]
859.0 1:[ 51.434305    -0.90299      0.          51.438763    -0.89991      4.63977869
   4.63977869]
162.0 1:[ 51.63798     -0.4685       0.          51.64128     -0.4692       0.44552314
   0.44552314]
893.0 1:[ 51.567062    -3.23093      0.          51.591368    -3.198638
   2.77504374   2.77504374]
1312.0 1:[ 51.987833    -0.232855     0.          51.987598    -0.233348
  10.40610336  10.40610336]
1244.0 1:[ 52.043958    -0.355812     0.          52.04317     -0.355997
  10.27437266  10.27437266]
640.0 1:[ 51.983363   -0.200937    0.         51.987842   -0.232843    2.9011821
   2.9011821]
342.0 1:[ 51.350862    -0.194508     0.          51.348798    -0.204375
   1.35272509   1.35272509]
818.0 1:[ 51.418758    -0.777867     0.          51.41475     -0.746183
   2.42707588   2.42707588]
1072.0 1:[ 51.4812      -1.045537     0.          51.478715    -0.96524      5.36678299
   5.36678299]
275.0 1:[ 52.793303    -0.163758     1.          52.779122    -0.175367
   1.52484491   1.52484491]
734.0 1:[ 53.564277    -0.624723     1.          53.59503     -0.649763
   2.95213453   2.95213453]
495.0 1:[ 53.590012    -0.638168     0.          53.564248    -0.624773
   2.53705858   2.53705858]
1401.0 1:[  5.12359370e+01   6.40480000e-02   1.00000000e+00   5.11253980e+01
  -1.79820000e-02   1.15171150e+01   1.15171150e+01]
2959.0 1:[  5.14419470e+01   2.73108000e-01   0.00000000e+00   5.11827470e+01
  -2.60420000e-02   3.11431242e+01   3.11431242e+01]
225.0 1:[ 55.847842    -3.053727     0.          55.841492    -3.040377
   0.80778255   0.80778255]
586.0 1:[ 55.841445    -3.040402     0.          55.871208    -3.102315
   3.44053229   3.44053229]
1127.0 1:[ 51.414898   -0.18303     0.         51.408532   -0.21469     1.9455132
   1.9455132]
1425.0 1:[ 53.703095    -1.554515     0.          53.802113    -1.541927
  11.19586614  11.19586614]
