1891.0 1:[ 50.889588     0.320488     0.          50.88954      0.320527
  13.78822676  13.78822676]
277.0 1:[ 51.754815    -0.328617     0.          51.760343    -0.339588
   1.02836932   1.02836932]
183.0 1:[ 51.476892    -0.868293     0.          51.472547    -0.8592       0.65616798
   0.65616798]
850.0 1:[ 52.330955    -0.616668     0.          52.291038    -0.667342
   6.59523383   6.59523383]
156.0 1:[ 51.983825    -0.202307     0.          51.983783    -0.202737
   0.28583075   0.28583075]
417.0 1:[ 53.859928    -2.167095     1.          53.862345    -2.119863
   2.08967132   2.08967132]
1294.0 1:[ 51.479128    -1.043075     0.          51.439098    -0.950707
   6.88355007   6.88355007]
236.0 1:[ 51.479127    -1.042338     0.          51.479818    -1.042563
   0.81275352   0.81275352]
315.0 1:[ 51.672982    -0.276345     0.          51.672988    -0.276358
   1.04017538   1.04017538]
242.0 1:[ 53.697655    -1.775092     0.          53.704308    -1.776525
   0.73756761   0.73756761]
3483.0 1:[ 53.56434     -0.624833     0.          53.239567    -0.514407
  27.06568639  27.06568639]
1107.0 1:[ 53.567962    -0.643853     0.          53.567978    -0.643792
   5.01384415   5.01384415]
425.0 1:[ 54.565163    -5.97934      0.          54.56498     -5.979312
   1.09299193   1.09299193]
558.0 1:[ 52.897702    -1.271482     1.          52.89664     -1.339475
   3.10747733   3.10747733]
35.0 1:[  5.11827370e+01  -2.59070000e-02   1.00000000e+00   5.11827780e+01
  -2.58330000e-02   8.69919669e-03   8.69919669e-03]
129.0 1:[ 51.872043     0.346155     0.          51.872043     0.346155
   1.16134276   1.16134276]
735.0 1:[  5.15791430e+01   4.23820000e-02   0.00000000e+00   5.15791430e+01
   4.23820000e-02   2.79617037e-02   2.79617037e-02]
594.0 1:[ 51.455945    -0.968757     0.          51.461718    -1.000695
   2.20151813   2.20151813]
2553.0 1:[ 51.79452     -1.281593     0.          51.586098    -0.767557
  30.80944782  30.80944782]
231.0 1:[ 50.151222    -5.063622     0.          50.145952    -5.067753
   0.61702159   0.61702159]
5763.0 1:[ 55.958692    -3.123213     1.          55.908822    -3.209145
  25.63715402  25.63715402]
442.0 1:[ 55.870907   -3.100058    0.         55.847895   -3.053565    2.6358566
   2.6358566]
282.0 1:[ 51.304222    -0.723688     0.          51.286648    -0.725908
   1.49191223   1.49191223]
1558.0 1:[ 53.302723   -3.54296     0.         53.324768   -3.83361    15.5796399
  15.5796399]
