8439.0 1:[  53.797883     -1.549722      0.           52.08376      -0.74772
  140.25217728  140.25217728]
280.0 1:[ 51.282142    -0.384338     0.          51.297305    -0.320468
   1.78271395   1.78271395]
831.0 1:[ 53.722657    -1.862917     0.          53.723648    -1.946185
   4.15324505   4.15324505]
5907.0 1:[ 51.567067    -3.230802     0.          51.511507    -1.768857
  77.60864054  77.60864054]
518.0 1:[ 51.98541     -0.18493      1.          51.987827    -0.232925
   2.89061879   2.89061879]
780.0 1:[ 51.415148    -0.754982     0.          51.402967    -0.748575
   2.11887577   2.11887577]
2606.0 1:[ 51.555148    -0.611065     0.          51.637948    -0.468       13.00529905
  13.00529905]
4467.0 1:[ 53.453668   -2.026207    0.         53.485888   -2.237918   11.0933399
  11.0933399]
405.0 1:[ 51.447782    -0.977202     0.          51.479322    -1.04262      2.14808021
   2.14808021]
2041.0 1:[ 51.433357    -1.075742     0.          51.536828    -1.024137
  11.88558817  11.88558817]
389.0 1:[ 51.412755    -0.946183     0.          51.42402     -0.931535
   1.88275471   1.88275471]
1033.0 1:[ 53.56405     -0.628053     0.          53.564263    -0.62477      3.87052116
   3.87052116]
2200.0 1:[  5.11830880e+01  -2.53780000e-02   0.00000000e+00   5.12770720e+01
  -2.09717000e-01   1.78060129e+01   1.78060129e+01]
43.0 1:[  5.14057470e+01  -6.56550000e-02   1.00000000e+00   5.14057470e+01
  -6.56550000e-02   2.48548477e-03   2.48548477e-03]
431.0 1:[ 51.38069     -0.125445     1.          51.380153    -0.125555
   1.19116858   1.19116858]
387.0 1:[  5.14059170e+01  -6.56350000e-02   1.00000000e+00   5.13955570e+01
  -4.86850000e-02   1.47824207e+00   1.47824207e+00]
449.0 1:[ 55.100737    -1.591        0.          55.067652    -1.63647      4.18120675
   4.18120675]
3277.0 1:[ 51.409133    -0.214597     0.          51.533478    -0.750128
  41.51443072  41.51443072]
447.0 1:[ 51.276157   -0.748192    0.         51.31463    -0.745767    3.7853933
   3.7853933]
405.0 1:[ 53.302752    -3.543075     0.          53.305078    -3.524547
   0.93081405   0.93081405]
1320.0 1:[ 53.324507    -3.834537     0.          53.302713    -3.543152
  15.16891354  15.16891354]
456.0 1:[ 51.414327   -0.123448    1.         51.414435   -0.123217    1.6845373
   1.6845373]
353.0 1:[ 51.414435    -0.123217     1.          51.41659     -0.097278
   1.23466456   1.23466456]
1834.0 1:[ 53.69802     -1.266198     0.          53.69802     -1.266198
  18.23289489  18.23289489]
