63.0 1:[ 50.88961      0.3205       0.          50.887725     0.319018
   0.18392587   0.18392587]
973.0 1:[ 50.811268    -0.772475     1.          50.841353    -0.774418
   3.34173427   3.34173427]
54.0 1:[ 50.811012    -0.772407     0.          50.811262    -0.775713
   0.14353675   0.14353675]
5480.0 1:[ 51.433297   -1.076003    0.         51.70142    -0.433903   45.0848296
  45.0848296]
382.0 1:[ 56.408282    -3.469617     0.          56.398263    -3.470173
   1.28623837   1.28623837]
1076.0 1:[ 51.367038   -0.178733    1.         51.363485   -0.17543     2.2151883
   2.2151883]
408.0 1:[ 51.367482    -0.178483     1.          51.366772    -0.178603
   1.05198143   1.05198143]
4347.0 1:[ 51.433447    -1.076038     0.          51.760277    -0.339862
  51.11647976  51.11647976]
279.0 1:[ 51.472507    -0.859103     0.          51.469502    -0.857527
   0.77298576   0.77298576]
679.0 1:[ 53.721028    -1.85729      0.          53.723147    -1.852193
   0.35853118   0.35853118]
693.0 1:[ 53.714822    -1.878177     0.          53.723597    -1.946198
   3.42437664   3.42437664]
1126.0 1:[ 51.570463     0.123763     0.          51.570463     0.123763
   2.85022966   2.85022966]
2119.0 1:[ 53.704287    -2.194067     0.          53.862315    -2.119808
  16.34889744  16.34889744]
540.0 1:[ 51.460282    -0.997253     0.          51.46768     -1.022937
   3.00060149   3.00060149]
104.0 1:[ 54.546688    -1.287042     0.          54.546958    -1.287248
   0.12800247   0.12800247]
92.0 1:[ 53.423235    -1.256108     0.          53.42307     -1.256268
   0.06772946   0.06772946]
686.0 1:[ 51.43337     -1.076        0.          51.396397    -1.062617
   3.85995785   3.85995785]
587.0 1:[ 51.485552    -1.083148     0.          51.433265    -1.075752
   4.29491768   4.29491768]
598.0 1:[ 51.412828    -0.94639      0.          51.437127    -0.898228
   3.83323888   3.83323888]
226.0 1:[ 51.074083    -1.77172      1.          51.074653    -1.769888
   0.59030263   0.59030263]
615.0 1:[ 51.062638    -1.774512     0.          51.062763    -1.774022
   2.54265092   2.54265092]
1669.0 1:[ 51.351855    -0.662755     1.          51.335057    -0.761275
   5.59482621   5.59482621]
1900.0 1:[ 53.303013    -3.542975     0.          53.324783    -3.833838
  17.53633779  17.53633779]
201.0 1:[ 51.408362    -0.094177     1.          51.40824     -0.094262
   0.71147002   0.71147002]
162.0 1:[  5.00522750e+01  -5.08999700e+00   0.00000000e+00   5.00523470e+01
  -5.09038800e+00   2.79617037e-02   2.79617037e-02]
