3438.0 1:[ 50.889607     0.320473     1.          50.995075    -0.100375
  26.69907739  26.69907739]
1844.0 1:[  5.08735320e+01   1.51770000e-02   0.00000000e+00   5.08895580e+01
   3.20522000e-01   1.50235127e+01   1.50235127e+01]
345.0 1:[ 50.786147     0.268483     0.          50.786953     0.267327
   0.39705619   0.39705619]
377.0 1:[ 50.809212    -0.736998     0.          50.811377    -0.772785
   2.27049034   2.27049034]
701.0 1:[ 51.343485     1.417257     0.          51.342862     1.412078
   1.66838165   1.66838165]
1254.0 1:[ 51.475522    -0.863577     0.          51.429015    -0.90023      5.44693987
   5.44693987]
1560.0 1:[ 51.395577    -0.954053     0.          51.434255    -0.9029       5.01322278
   5.01322278]
2906.0 1:[ 53.73198     -1.717267     0.          53.723587    -1.946223
  11.33505329  11.33505329]
2868.0 1:[ 53.73192     -1.71733      0.          53.723645    -1.946138
  11.27353754  11.27353754]
1583.0 1:[ 51.50094     -2.590268     0.          51.51178     -2.159427
  20.30268234  20.30268234]
2043.0 1:[ 51.433862    -1.075732     0.          51.555028    -0.611185
  26.14170743  26.14170743]
876.0 1:[ 51.433443    -1.075712     0.          51.4334      -1.076138
   6.64929313   6.64929313]
67.0 1:[  5.45854670e+01  -1.31416000e+00   0.00000000e+00   5.45795930e+01
  -1.30424200e+00   1.86411358e-03   1.86411358e-03]
426.0 1:[ 53.698228    -1.775943     0.          53.715905    -1.801657
   1.82310308   1.82310308]
921.0 1:[ 53.715835   -1.801625    0.         53.714552   -1.878365    4.4434254
   4.4434254]
701.0 1:[ 51.074397   -1.771823    1.         51.074397   -1.771823    2.9291438
   2.9291438]
1117.0 1:[ 51.074133    -1.771442     0.           0.           0.           2.09402092
   2.09402092]
482.0 1:[ 52.884393   -1.286695    1.         52.896115   -1.26929     1.1302742
   1.1302742]
605.0 1:[ 54.010532    -1.53677      0.          53.985165    -1.498643
   2.75081027   2.75081027]
2730.0 1:[  5.11825500e+01  -2.58500000e-02   0.00000000e+00   5.12771820e+01
  -2.09795000e-01   1.73722958e+01   1.73722958e+01]
3502.0 1:[  5.11255120e+01  -1.80500000e-02   0.00000000e+00   5.14406070e+01
   2.73262000e-01   3.40119949e+01   3.40119949e+01]
2492.0 1:[  5.11828070e+01  -2.57980000e-02   0.00000000e+00   5.12771330e+01
  -2.09710000e-01   1.73722958e+01   1.73722958e+01]
2940.0 1:[  5.11826750e+01  -2.56900000e-02   0.00000000e+00   5.12773880e+01
  -2.09590000e-01   1.81378251e+01   1.81378251e+01]
1962.0 1:[ 53.324377    -3.833943     0.          53.302708    -3.543177
  15.15648612  15.15648612]
1923.0 1:[ 53.302767    -3.543088     0.          53.324683    -3.834017
  17.67366082  17.67366082]
463.0 1:[ 51.419638  -0.10665    1.        51.408205  -0.094182   1.34589    1.34589 ]
854.0 1:[ 51.385133    -0.101408     1.          51.385133    -0.101408
   2.66257556   2.66257556]
