1013.0 1:[ 50.81137     -0.772687     0.          50.852918    -0.94562      9.97549312
   9.97549312]
322.0 1:[ 51.427195    -0.936812     0.          51.423477    -0.931573
   1.92314384   1.92314384]
1025.0 1:[ 51.359322    -0.167788     1.          51.362995    -0.118988
   2.93597888   2.93597888]
280.0 1:[ 51.472468    -0.859138     0.          51.476833    -0.868665
   0.71581961   0.71581961]
919.0 1:[ 53.721025    -1.858833     1.          53.723635    -1.946113
   4.44156128   4.44156128]
2555.0 1:[ 53.723617    -1.946168     0.          53.732045    -1.71761     10.93613298
  10.93613298]
1431.0 1:[ 53.749528    -1.893793     0.          53.723637    -1.946245
   6.57783544   6.57783544]
1340.0 1:[ 52.043908    -0.355765     0.          51.987813    -0.232882
  10.29177106  10.29177106]
995.0 1:[ 51.987843    -0.232907     0.          51.981107    -0.229523
   1.29928716   1.29928716]
10447.0 1:[  51.405168     -0.747923      0.           52.886315     -2.17318
  160.94694484  160.94694484]
1041.0 1:[ 51.33481     -0.255715     0.          51.350742    -0.194495
   4.73298437   4.73298437]
619.0 1:[ 51.414693    -0.746443     0.          51.418747    -0.777837
   2.35126859   2.35126859]
3599.0 1:[ 51.55504     -0.611295     0.          51.433482    -1.07607     26.77923427
  26.77923427]
475.0 1:[ 51.479347    -1.042462     0.          51.48407     -1.087835
   2.27235445   2.27235445]
1181.0 1:[ 51.460782    -0.994322     0.           0.           0.           4.52606776
   4.52606776]
1619.0 1:[ 51.459255    -0.99807      0.          51.459148    -0.998018
   3.76737354   3.76737354]
216.0 1:[ 51.672858    -0.276477     0.          51.672858    -0.276477
   0.99170842   0.99170842]
2877.0 1:[ 53.715955   -1.80163     0.         53.836748   -1.745162   14.7364392
  14.7364392]
2674.0 1:[ 53.239692    -0.51441      1.          53.564395    -0.627263
  26.14481428  26.14481428]
819.0 1:[ 53.590342    -0.64284      0.          53.564258    -0.624823
   2.53270898   2.53270898]
497.0 1:[ 51.074047    -1.7717       0.          51.076095    -1.773713
   1.91258053   1.91258053]
378.0 1:[ 51.076735    -1.809813     0.          51.077608    -1.797443
   2.03126243   2.03126243]
77.0 1:[  5.11827920e+01  -2.58550000e-02   1.00000000e+00   5.11827700e+01
  -2.57780000e-02   1.05633103e-02   1.05633103e-02]
429.0 1:[  5.11828080e+01  -2.59350000e-02   0.00000000e+00   5.11739630e+01
  -1.83920000e-02   1.03147618e+00   1.03147618e+00]
1028.0 1:[ 51.454068    -0.057793     1.          51.418052    -0.060727
   4.27192695   4.27192695]
1548.0 1:[ 51.454123    -0.057862     0.          51.455057    -0.05875      4.95046429
   4.95046429]
303.0 1:[ 51.8714       0.361717     0.          51.873198     0.35845      1.40740575
   1.40740575]
5021.0 1:[ 52.397042    -1.0291       0.          51.871112     0.322098
  75.56867892  75.56867892]
104.0 1:[ 55.87255     -3.101007     0.          55.870872    -3.100193
   0.15658554   0.15658554]
6390.0 1:[ 55.871198    -3.102268     0.          55.958593    -3.122405
  30.97783942  30.97783942]
488.0 1:[ 53.305515    -3.52436      0.          53.302758    -3.543158
   1.07372942   1.07372942]
418.0 1:[ 51.40868     -0.094612     1.          51.409245    -0.094985
   1.35707468   1.35707468]
