1434.0 1:[ 50.786472     0.268315     0.          50.864163     0.256548
   6.76176131   6.76176131]
743.0 1:[ 50.732093    -0.79258      0.          50.811385    -0.772775
   6.38769586   6.38769586]
923.0 1:[ 51.442625    -1.060473     0.          51.441667    -1.06046      8.43262845
   8.43262845]
1395.0 1:[ 51.698697    -0.425727     0.          51.637942    -0.468485
   6.13852601   6.13852601]
1922.0 1:[ 51.698572   -0.426148    0.         51.750553   -0.225922   19.0673964
  19.0673964]
1016.0 1:[ 51.65535     -0.396933     0.          51.698592    -0.426198
   4.32101527   4.32101527]
407.0 1:[ 56.398288    -3.47023      1.          56.394785    -3.436107
   1.43785294   1.43785294]
2066.0 1:[ 53.731813    -1.717413     0.          53.723638    -1.946217
  11.36115088  11.36115088]
183.0 1:[ 51.572757    -3.222012     0.          51.575323    -3.233092
   0.83885111   0.83885111]
255.0 1:[ 51.403628    -0.848082     0.          51.402745    -0.83776      0.74253857
   0.74253857]
970.0 1:[ 51.407588    -0.747998     0.          51.403463    -0.764892
   1.26076215   1.26076215]
309.0 1:[ 51.405095    -0.748045     0.          51.403083    -0.748663
   1.25951941   1.25951941]
1956.0 1:[ 53.797638    -1.546172     0.          53.844983    -1.688508
   7.57389346   7.57389346]
675.0 1:[ 53.632682    -2.334325     1.          53.648183    -2.316047
   1.87778374   1.87778374]
2482.0 1:[ 53.878148    -2.381473     0.          53.86238     -2.119835
  18.02038595  18.02038595]
132.0 1:[  5.11075600e+01  -1.04495800e+00   1.00000000e+00   5.11075000e+01
  -1.04507800e+00   8.69919669e-03   8.69919669e-03]
630.0 1:[ 51.189258    -0.876893     1.          51.107565    -1.045165
   9.25532391   9.25532391]
2499.0 1:[ 53.69858     -1.77844      0.          53.759492    -1.894528
   9.42620099   9.42620099]
1632.0 1:[ 51.433517    -1.076067     0.          51.412778    -0.946398
  12.35410204  12.35410204]
1263.0 1:[ 53.568173    -0.671017     0.          53.564127    -0.635102
   5.23815915   5.23815915]
528.0 1:[ 53.58999     -0.638175     0.          53.564248    -0.624795
   2.52835938   2.52835938]
1160.0 1:[ 53.564315    -0.624777     0.          53.59014     -0.637948
   4.53538833   4.53538833]
548.0 1:[ 51.074198    -1.771347     0.          51.076317    -1.80963      2.52463115
   2.52463115]
498.0 1:[ 51.074195    -1.771695     0.          51.074195    -1.771695
   1.65968245   1.65968245]
221.0 1:[ 51.078933    -1.772102     0.          51.077628    -1.772895
   0.61640022   0.61640022]
2994.0 1:[  5.11828720e+01  -2.58670000e-02   0.00000000e+00   5.12774170e+01
  -2.10003000e-01   1.86013680e+01   1.86013680e+01]
1253.0 1:[ 51.381585    -0.12454      0.          51.37003     -0.117025
   1.72057683   1.72057683]
81.0 1:[ 53.787023    -1.54475      0.          53.785882    -1.54369      0.10749722
   0.10749722]
583.0 1:[ 52.022895    -0.497128     1.          52.009238    -0.507465
   3.37901654   3.37901654]
877.0 1:[ 55.870582    -3.113163     0.          55.841477    -3.040427
   4.00535871   4.00535871]
1645.0 1:[ 55.931695    -3.181587     0.          55.972388    -3.238578
   4.59069037   4.59069037]
318.0 1:[ 55.93757     -3.189478     0.          55.943573    -3.18366      0.73756761
   0.73756761]
807.0 1:[ 51.275962    -0.748207     1.          51.315477    -0.743503
   3.40262865   3.40262865]
457.0 1:[ 51.35185     -0.662837     1.          51.357667    -0.696        2.87259902
   2.87259902]
963.0 1:[ 51.249238    -0.206995     0.          51.25057     -0.201707
   7.83673348   7.83673348]
862.0 1:[ 51.249317    -0.207045     0.          51.249317    -0.207045
   2.58366142   2.58366142]
991.0 1:[ 51.409212    -0.094363     1.          51.400343    -0.091215
   2.62342917   2.62342917]
2461.0 1:[  0.           0.           0.          50.106857    -5.121767
  14.44253062  14.44253062]
337.0 1:[ 53.678282    -1.49924      0.          53.678252    -1.499175
   1.25641255   1.25641255]
