929.0 1:[ 50.732053    -0.79271      0.          50.81134     -0.77278      6.43989104
   6.43989104]
1354.0 1:[ 50.811352    -0.772752     0.          50.841517    -0.774652
   4.16194425   4.16194425]
352.0 1:[ 51.139213    -1.024222     0.          51.150277    -0.973472
   2.56502028   2.56502028]
718.0 1:[ 51.475148    -0.864273     0.          51.434252    -0.902912
   5.47365883   5.47365883]
7278.0 1:[ 51.48084     -1.556265     0.          51.460258    -3.167972
  81.80227472  81.80227472]
1060.0 1:[ 51.3672      -0.178675     1.          51.38406     -0.213132
   2.95896962   2.95896962]
826.0 1:[ 51.362912    -0.118807     1.          51.358412    -0.148772
   1.56336992   1.56336992]
2218.0 1:[ 53.72341     -1.946052     0.          53.732025    -1.717588
  11.40029726  11.40029726]
2525.0 1:[ 53.723562    -1.946022     0.          53.73207     -1.717597
  10.98708542  10.98708542]
1296.0 1:[ 51.403068    -0.748758     0.          51.40308     -0.748703
   4.33344269   4.33344269]
764.0 1:[ 50.873783     0.558785     0.          50.851922     0.469545
   5.68678915   5.68678915]
787.0 1:[ 51.403142    -0.74865      0.          51.403013    -0.83706      5.33322894
   5.33322894]
1170.0 1:[ 51.369602    -0.082047     1.          51.350782    -0.194757
   5.58612702   5.58612702]
1545.0 1:[ 51.350653    -0.194742     0.          51.350763    -0.194463
   3.46538714   3.46538714]
1303.0 1:[ 53.920788    -1.775087     0.          53.844863    -1.688472
   8.35868528   8.35868528]
672.0 1:[ 53.715907    -1.801692     0.          53.698317    -1.778523
   1.85914261   1.85914261]
373.0 1:[ 51.091202    -1.773542     0.          51.09075     -1.773515
   1.76904378   1.76904378]
1586.0 1:[ 51.074455    -1.77184      0.          51.074173    -1.785833
   4.77399487   4.77399487]
287.0 1:[ 54.572747   -6.007092    0.         54.573965   -5.987273    1.0115923
   1.0115923]
680.0 1:[ 54.54715     -6.04194      0.          54.572627    -6.00717      4.57453472
   4.57453472]
2818.0 1:[  5.11826000e+01  -2.59730000e-02   1.00000000e+00   5.12772880e+01
  -2.09715000e-01   1.85504156e+01   1.85504156e+01]
663.0 1:[  5.11827320e+01  -2.58700000e-02   1.00000000e+00   5.11376180e+01
  -2.72380000e-02   3.71455699e+00   3.71455699e+00]
3821.0 1:[  5.11826250e+01  -2.58050000e-02   0.00000000e+00   5.12774070e+01
  -2.09878000e-01   1.79514137e+01   1.79514137e+01]
1077.0 1:[ 55.9266      -3.267348     1.          55.939667    -3.220927
   2.34629762   2.34629762]
1405.0 1:[ 55.84124     -3.040178     0.          55.958438    -3.122657
  12.27394516  12.27394516]
1405.0 1:[ 51.275983    -0.748072     0.          51.354925    -0.604013
  11.44814285  11.44814285]
334.0 1:[  5.33027420e+01  -3.54314700e+00   0.00000000e+00   5.33027430e+01
  -3.54315300e+00   5.59234073e-03   5.59234073e-03]
1395.0 1:[ 51.241345    -0.101488     0.          51.249403    -0.207128
   6.51694106   6.51694106]
1512.0 1:[ 53.666335    -1.514233     0.          53.703095    -1.554515
  14.19771037  14.19771037]
