118.0 1:[  0.           0.           0.          50.889457     0.324747
   0.18392587   0.18392587]
2392.0 1:[  5.09644570e+01  -4.10900000e-02   0.00000000e+00   5.08895700e+01
   3.20460000e-01   2.20468713e+01   2.20468713e+01]
2154.0 1:[ 56.398322    -3.470175     0.          56.494697    -2.983157
  25.31963334  25.31963334]
1997.0 1:[ 51.637945    -0.467468     0.          51.760263    -0.339857
  13.87584009  13.87584009]
774.0 1:[  0.           0.           0.          53.72095     -1.858797
   3.72325618   3.72325618]
271.0 1:[ 53.731107    -1.981392     0.          53.72363     -1.94622      1.65409011
   1.65409011]
70.0 1:[  5.15672830e+01  -3.23085500e+00   1.00000000e+00   5.15672830e+01
  -3.23085500e+00   1.36701662e-02   1.36701662e-02]
525.0 1:[ 51.36805     -0.224983     1.          51.383935    -0.212687
   1.59816671   1.59816671]
148.0 1:[ 51.348827    -0.204458     0.          51.346983    -0.210467
   0.33243359   0.33243359]
530.0 1:[ 51.418338    -0.753455     0.          51.41823     -0.779373
   1.40057067   1.40057067]
1057.0 1:[ 51.418827    -0.777685     0.          51.415172    -0.75098      3.50142667
   3.50142667]
1149.0 1:[ 53.631188   -2.328687    0.         53.646643   -2.31624     1.8032192
   1.8032192]
646.0 1:[ 51.536715    -1.023862     0.          51.517473    -0.982295
   3.19571204   3.19571204]
609.0 1:[ 53.738868    -1.829777     0.          53.71587     -1.801638
   3.20130438   3.20130438]
646.0 1:[ 51.074093    -1.771685     1.          51.074013    -1.771208
   4.41794918   4.41794918]
826.0 1:[ 51.078512    -1.772507     0.          51.075088    -1.770732
   2.13068182   2.13068182]
1283.0 1:[  5.12770200e+01  -2.09792000e-01   0.00000000e+00   5.11827780e+01
  -2.58750000e-02   1.41417870e+01   1.41417870e+01]
9556.0 1:[ 51.868225     0.537925     0.          51.433675    -1.075843
  93.67294997  93.67294997]
162.0 1:[ 53.026825    -2.209563     1.          53.029203    -2.209433
   0.17274119   0.17274119]
92.0 1:[ 51.457522    -0.960742     0.          51.456717    -0.962378
   0.12738109   0.12738109]
1599.0 1:[ 53.796198    -1.537685     0.          53.85661     -1.53111      4.70875089
   4.70875089]
1798.0 1:[ 55.96182    -2.973585    0.         55.871177   -3.10222    11.1815746
  11.1815746]
752.339 1:[  0.           0.           0.          51.408487    -0.214752
   2.71290663   2.71290663]
209.0 1:[ 53.305085   -3.524587    0.         53.302617   -3.542957    0.9295713
   0.9295713]
283.0 1:[ 53.30275     -3.543113     0.          53.305415    -3.524668
   0.92584308   0.92584308]
