1047.0 1:[ 50.971787     0.251558     0.          50.889598     0.320478
   8.15425416   8.15425416]
927.0 1:[ 51.475362    -0.864        0.          51.428717    -0.900103
   5.53144635   5.53144635]
1856.0 1:[ 56.398188    -3.470235     0.          56.494875    -2.983238
  25.21151475  25.21151475]
1266.0 1:[ 56.394285    -3.426395     0.          56.413888    -3.472997
   3.84007397   3.84007397]
1864.0 1:[ 56.398195    -3.470182     0.          56.482253    -2.99791     23.98306391
  23.98306391]
661.0 1:[ 51.308457    -0.301713     0.          51.308457    -0.301713
   4.33841366   4.33841366]
2806.0 1:[ 53.723593    -1.94619      1.          53.714647    -1.878285
  14.00632804  14.00632804]
99.0 1:[ 52.043943    -0.35583      0.          52.043943    -0.35583      0.07642866
   0.07642866]
417.0 1:[ 50.841133     0.475747     1.          50.852765     0.46027      1.62861389
   1.62861389]
484.0 1:[ 51.403815    -0.746907     0.          51.40299     -0.748593
   2.78809254   2.78809254]
1474.0 1:[ 51.517777    -0.728743     0.          51.418768    -0.77788      9.89098664
   9.89098664]
2406.0 1:[ 53.877995    -2.381157     0.          53.862318    -2.119828
  18.83376084  18.83376084]
238.0 1:[ 51.663012    -0.287312     0.          51.668853    -0.2748       1.27381094
   1.27381094]
1748.201 1:[  0.           0.           0.          51.577692    -0.781107
  15.71882705  15.71882705]
1709.0 1:[ 51.536747    -1.02414      0.          51.43332     -1.076022
  11.34934483  11.34934483]
265.0 1:[ 52.779112    -0.175388     1.          52.793303    -0.163758
   1.54969975   1.54969975]
821.0 1:[ 53.864022    -1.67231      0.          53.83676     -1.74575      4.88894854
   4.88894854]
332.0 1:[ 51.073988    -1.77122      0.          51.073988    -1.77122      1.53602959
   1.53602959]
642.0 1:[ 51.074098    -1.771718     0.          51.073997    -1.771335
   1.99149467   1.99149467]
507.0 1:[ 51.078593    -1.801895     0.          51.07411     -1.771733
   2.01697089   2.01697089]
75.0 1:[  5.45652670e+01  -5.97933500e+00   0.00000000e+00   5.45651830e+01
  -5.97950800e+00   1.67770222e-02   1.67770222e-02]
738.0 1:[  5.11826980e+01  -2.59020000e-02   0.00000000e+00   5.11253480e+01
  -1.80980000e-02   4.70377993e+00   4.70377993e+00]
4136.0 1:[ 51.406022    -0.064912     1.          51.604778    -0.243483
  18.71694305  18.71694305]
1032.0 1:[ 51.405827    -0.065823     0.          51.401787    -0.07157      0.46540702
   0.46540702]
6615.0 1:[ 52.20436     -1.72454      0.          51.48866     -0.388718
  91.11725026  91.11725026]
4390.0 1:[  5.15171820e+01   2.30650000e-02   0.00000000e+00   5.18375380e+01
   1.93250000e-01   4.02462121e+01   4.02462121e+01]
1955.0 1:[ 51.533595   -0.750143    0.         51.427668   -0.978563   19.4470542
  19.4470542]
747.0 1:[ 52.039963    -0.778362     1.          52.041263    -0.716357
   4.81376263   4.81376263]
6365.0 1:[ 52.024365    -0.783697     1.          52.941058    -1.504803
  81.87248966  81.87248966]
627.0 1:[ 52.043317    -0.752188     0.          52.037912    -0.77748      1.48010618
   1.48010618]
1482.0 1:[ 50.147678    -5.058457     0.          50.092195    -5.262412
  13.47257019  13.47257019]
574.0 1:[ 51.51767     -0.716188     1.          51.522703    -0.714257
   0.86743418   0.86743418]
1584.0 1:[ 53.79746    -1.536733    0.         53.85981    -1.51116     5.7159936
   5.7159936]
406.0 1:[ 52.022982    -0.496782     1.          52.024123    -0.496573
   1.17998389   1.17998389]
832.0 1:[ 55.841388    -3.040422     1.          55.884553    -3.114513
   4.75535373   4.75535373]
543.0 1:[ 55.91131     -3.292013     0.          55.92242     -3.263885
   2.21767379   2.21767379]
426.0 1:[ 55.958675    -3.123138     0.          55.938417    -3.105567
   2.02629146   2.02629146]
1554.0 1:[ 51.413802    -0.18529      0.          51.408488    -0.214703
   1.93246441   1.93246441]
557.0 1:[ 51.394073    -0.20676      0.          51.414898    -0.18303      2.21580967
   2.21580967]
1399.0 1:[ 53.302695    -3.543228     0.          53.30276     -3.543162
  10.95415275  10.95415275]
273.0 1:[ 51.42098     -0.107975     1.          51.42085     -0.10638      0.85873499
   0.85873499]
2818.0 1:[ 51.390037    -0.323333     0.          51.295222    -0.854628
  29.59280303  29.59280303]
