545.0 1:[ 50.842785    -0.755742     0.          50.811322    -0.772745
   3.02732045   3.02732045]
948.0 1:[ 51.442553    -1.060985     1.          51.443058    -1.059457
   8.59853456   8.59853456]
748.0 1:[ 51.475503    -0.86385      0.          51.429727    -0.898332
   5.53393184   5.53393184]
957.0 1:[ 56.403518    -3.435305     1.          56.398258    -3.470185
   3.10126362   3.10126362]
351.0 1:[ 55.947835    -3.363653     0.          55.947448    -3.362218
   0.45173686   0.45173686]
743.0 1:[ 51.384138    -0.213057     1.          51.367275    -0.178672
   2.65263362   2.65263362]
1005.0 1:[ 51.367027    -0.178692     1.          51.369757    -0.081462
   5.21392567   5.21392567]
1373.0 1:[ 51.369853    -0.081455     1.          51.367007    -0.178718
   4.92747355   4.92747355]
613.0 1:[ 52.325373   -0.614373    0.         52.299602   -0.614378    3.7443828
   3.7443828]
998.0 1:[ 52.402755    -0.7433       0.          52.355745    -0.685608
   7.32099539   7.32099539]
2087.0 1:[ 53.731943    -1.717442     0.          53.72363     -1.946162
  11.91479261  11.91479261]
625.0 1:[ 53.724657    -1.887917     0.          53.723613    -1.946212
   3.39641494   3.39641494]
6590.0 1:[ 53.423688    -1.255318     0.          52.321563    -1.13739     99.52129563
  99.52129563]
108.0 1:[  5.11826570e+01  -2.59750000e-02   1.00000000e+00   5.11826720e+01
  -2.57900000e-02   1.05633103e-02   1.05633103e-02]
676.0 1:[ 53.017505   -2.132993    1.         53.028648   -2.173878    2.1375169
   2.1375169]
678.0 1:[ 55.871243    -3.102328     0.          55.841462    -3.040397
   3.47160085   3.47160085]
266.0 1:[ 53.302752    -3.543155     0.          53.305605    -3.524377
   1.05633103   1.05633103]
