363.0 1:[ 50.835173    -0.759735     0.          50.811362    -0.772743
   2.63647797   2.63647797]
737.0 1:[ 51.434252    -0.903008     1.          51.433843    -0.874202
   5.42457051   5.42457051]
1932.0 1:[ 51.434297    -0.902935     0.          51.517528    -0.59006     16.91123837
  16.91123837]
812.0 1:[ 51.434088    -0.902898     0.          51.434088    -0.902898
   5.35870516   5.35870516]
1840.0 1:[ 51.429127    -0.900457     0.          51.433075    -0.905767
  17.78364352  17.78364352]
147.0 1:[ 51.706257    -0.416625     0.          51.698582    -0.42623      0.78044222
   0.78044222]
291.0 1:[ 51.703585    -0.404217     0.          51.6986      -0.426193
   1.84485107   1.84485107]
1354.0 1:[ 51.6986      -0.425943     0.          51.637933    -0.468485
   6.16835183   6.16835183]
1415.0 1:[ 56.398415  -3.469993   0.        56.395943  -3.453143   1.039554
   1.039554]
590.0 1:[ 51.347995    -0.138718     1.          51.348195    -0.163538
   2.40097829   2.40097829]
337.0 1:[ 51.977153    -0.230103     0.          51.977473    -0.228867
   0.94572695   0.94572695]
452.0 1:[ 51.987927    -0.23299      0.          51.987927    -0.232933
   1.76096596   1.76096596]
339.0 1:[ 51.421718    -0.74724      0.          51.403285    -0.74877      2.04990356
   2.04990356]
1265.0 1:[ 51.517517    -0.728863     0.          51.426693    -0.732253
   8.21390579   8.21390579]
2852.0 1:[ 53.862288    -2.119763     1.          53.624015    -2.176595
  26.66055237  26.66055237]
4000.0 1:[ 51.34767     -1.342443     1.          52.069543    -1.020308
  58.82334666  58.82334666]
206.0 1:[  5.11893000e+01  -8.76775000e-01   1.00000000e+00   5.11891900e+01
  -8.76852000e-01   9.32056788e-03   9.32056788e-03]
1182.0 1:[ 51.47923     -1.04236      0.          51.448335    -0.992548
   6.90032709   6.90032709]
427.0 1:[ 51.483727    -1.085735     0.          51.479272    -1.042492
   2.19468305   2.19468305]
414.0 1:[  5.12774030e+01  -2.10062000e-01   0.00000000e+00   5.12771900e+01
  -2.09890000e-01   4.28746123e-02   4.28746123e-02]
819.0 1:[ 51.2774      -0.209837     0.          51.27718     -0.20984      0.05219518
   0.05219518]
138.0 1:[  5.11744850e+01  -1.76150000e-02   0.00000000e+00   5.11827370e+01
  -2.58880000e-02   8.31394655e-01   8.31394655e-01]
1753.0 1:[ 51.270888    -0.211362     0.          51.277452    -0.21001      0.93081405
   0.93081405]
174.0 1:[ 51.381327    -0.124878     1.          51.38069     -0.125445
   0.22369363   0.22369363]
1685.0 1:[ 53.037072   -2.139703    1.         53.024122   -2.2059      7.6161467
   7.6161467]
1480.0 1:[ 51.906052    -0.414742     0.          51.963873    -0.434202
  12.30874195  12.30874195]
184.0 1:[ 55.842708    -3.048822     0.          55.841467    -3.040422
   0.40824087   0.40824087]
1321.0 1:[ 51.354885    -0.604023     0.          51.275973    -0.748172
  11.38724847  11.38724847]
