101.0 1:[ 50.841182   -0.77439     0.         50.840965   -0.774115    0.1789549
   0.1789549]
2042.0 1:[ 51.086023    -0.226178     0.          50.838903    -0.175747
  21.42984968  21.42984968]
228.0 1:[ 51.362797     1.3949       0.          51.362723     1.394968
   0.53313648   0.53313648]
917.0 1:[ 51.422992    -0.932108     0.          51.427113    -0.936638
   7.53661119   7.53661119]
531.0 1:[ 56.398285    -3.470195     0.          56.402888    -3.436163
   1.85479301   1.85479301]
763.0 1:[ 51.308947    -0.302717     0.          51.333308    -0.267273
   1.69199376   1.69199376]
269.0 1:[ 53.725032    -1.715362     0.          53.731907    -1.717493
   0.91093017   0.91093017]
2814.0 1:[ 53.731907    -1.717443     0.          53.723622    -1.946185
  10.92743379  10.92743379]
1912.0 1:[ 51.429788    -0.96855      0.          51.427147    -0.731913
  21.45035493  21.45035493]
616.0 1:[ 53.830302    -1.712542     0.          53.844857    -1.688448
   1.73051877   1.73051877]
595.0 1:[ 51.41874     -0.777938     0.          51.415328    -0.744162
   2.18474111   2.18474111]
676.0 1:[ 53.849697    -2.196155     1.          53.807993    -2.224535
   5.06852482   5.06852482]
1251.0 1:[ 53.86225     -2.11987      0.          53.793482    -2.242263
   8.70043943   8.70043943]
100.0 1:[  5.11075680e+01  -1.04517300e+00   1.00000000e+00   5.11075480e+01
  -1.04526500e+00   6.83508311e-03   6.83508311e-03]
2509.0 1:[ 51.547457    -0.614383     0.          51.433477    -1.076102
  25.63342579  25.63342579]
7246.0 1:[ 51.47927    -1.042325    0.         52.037617   -0.757467   67.7133043
  67.7133043]
378.0 1:[ 51.529455    -0.932225     0.          51.527305    -0.892678
   2.06357373   2.06357373]
611.0 1:[ 51.48568     -1.083722     0.          51.43331     -1.076012
   4.26882009   4.26882009]
1124.0 1:[ 51.543173    -1.097938     0.          51.534892    -1.071085
   5.44383302   5.44383302]
1810.0 1:[ 51.43316     -1.075802     0.          51.536823    -1.024123
  11.87067526  11.87067526]
300.0 1:[ 53.566672    -0.640483     0.          53.564247    -0.624783
   0.82331683   0.82331683]
230.0 1:[ 53.567272    -0.641122     0.          53.567992    -0.643795
   0.31441382   0.31441382]
152.0 1:[ 52.89606     -1.269292     1.          52.89609     -1.268662
   0.36163803   0.36163803]
1469.0 1:[  5.11826980e+01  -2.57900000e-02   1.00000000e+00   5.12773530e+01
  -2.09885000e-01   1.40659797e+01   1.40659797e+01]
2048.0 1:[ 51.87044      0.321082     0.          51.874922     0.35314     13.60305814
  13.60305814]
761.0 1:[ 55.921415    -3.146045     0.          55.882575    -3.087048
   4.04699058   4.04699058]
1043.0 1:[ 51.276237    -0.733583     1.          51.351837    -0.662783
   7.68636165   7.68636165]
429.0 1:[ 53.302667    -3.542923     0.          53.302768    -3.543077
   0.62199256   0.62199256]
596.0 1:[ 51.249415    -0.207273     0.          51.249535    -0.206733
   2.46373678   2.46373678]
462.0 1:[ 51.409245   -0.094985    1.         51.408827   -0.094543    1.4235614
   1.4235614]
236.0 1:[ 53.66621     -1.514222     0.          53.666512    -1.514348
   0.73197526   0.73197526]
