556.0 1:[ 50.864332     0.25677      0.          50.889575     0.320425
   3.80092758   3.80092758]
675.0 1:[ 50.838962    -0.757427     0.          50.811375    -0.77274      2.97077567
   2.97077567]
1942.0 1:[ 51.434193    -0.902888     1.          51.51048     -0.598923
  16.88514078  16.88514078]
748.0 1:[ 51.475468   -0.864097    0.         51.475117   -0.865805    5.5563012
   5.5563012]
1330.0 1:[ 51.637982    -0.468545     0.          51.675177    -0.498032
   6.10000099   6.10000099]
245.0 1:[ 51.75484     -0.328738     0.          51.760342    -0.339852
   0.93454227   0.93454227]
213.0 1:[ 51.405973  -0.846382   0.        51.403152  -0.837277   0.672945
   0.672945]
2064.0 1:[ 53.844898    -1.688308     0.          53.806403    -1.523883
  11.69358447  11.69358447]
65.0 1:[ 53.59006     -2.17167      0.          53.590045    -2.169023
   0.09009882   0.09009882]
9911.0 1:[  51.433175     -1.077137      0.           53.094527     -1.310098
  159.63274477  159.63274477]
595.0 1:[ 53.094527    -1.310098     0.          53.094527    -1.310098
   8.05794162   8.05794162]
717.0 1:[ 53.422537    -1.256025     0.          53.42273     -1.25559      7.93677424
   7.93677424]
765.0 1:[ 51.459       -1.040178     0.          51.485677    -1.083623
   4.03518452   4.03518452]
609.0 1:[ 51.07407    -1.771165    0.         51.074152   -1.770417    1.9821741
   1.9821741]
1239.0 1:[ 51.277375    -0.209965     0.          51.277365    -0.209663
   0.06089438   0.06089438]
1566.0 1:[ 51.871112     0.322098     0.          51.86566      0.16671     14.28843057
  14.28843057]
524.0 1:[ 55.871343    -3.102395     1.          55.841467    -3.0404       3.44053229
   3.44053229]
663.0 1:[ 55.95528     -3.112498     1.          55.968623    -3.141773
   1.83428776   1.83428776]
753.0 1:[ 51.408423    -0.094107     1.          51.380417    -0.10491      2.46870775
   2.46870775]
