2476.0 1:[ 50.889562     0.320477     1.          50.889573     0.320412
  15.73560407  15.73560407]
1079.0 1:[ 50.811075    -0.772742     0.          50.839035    -0.757572
   3.14041001   3.14041001]
177.0 1:[ 51.437842    -0.900868     0.          51.438392    -0.903205
   0.79286964   0.79286964]
1430.0 1:[ 51.510878    -2.16016      0.          51.58005     -1.768863
  19.28984729  19.28984729]
162.0 1:[ 51.706318    -0.416257     0.          51.698547    -0.426242
   0.79908335   0.79908335]
93.0 1:[ 51.402938    -0.7485       0.          51.40369     -0.748138
   0.20753798   0.20753798]
1775.0 1:[  5.15782280e+01  -2.70070000e-02   0.00000000e+00   5.15825330e+01
   1.16038000e-01   1.24547642e+01   1.24547642e+01]
833.0 1:[ 53.860375   -2.169695    0.         53.909417   -2.178902    4.1004285
   4.1004285]
601.0 1:[ 51.55504     -0.611003     0.          51.539815    -0.57173      3.99293128
   3.99293128]
1234.0 1:[ 51.43575     -0.972372     0.          51.479173    -1.042383
   6.40012328   6.40012328]
1223.0 1:[ 51.483665    -1.085707     0.          51.435688    -0.972627
  10.65340909  10.65340909]
583.0 1:[ 51.674507    -0.274478     1.          51.663085    -0.287147
   1.27381094   1.27381094]
2482.0 1:[ 51.433128    -1.075818     0.          51.536843    -1.024095
  11.87253937  11.87253937]
1753.0 1:[ 51.536817    -1.024145     0.          51.433357    -1.076048
  11.35120894  11.35120894]
396.0 1:[ 53.714552    -1.878487     0.          53.729477    -1.874472
   1.67024576   1.67024576]
1109.0 1:[ 51.433443    -1.076072     0.          51.4128      -0.946432
   8.33196632   8.33196632]
3084.0 1:[ 53.222067    -0.530607     0.          53.564265    -0.624745
  27.22165056  27.22165056]
1462.0 1:[ 53.56428     -0.624815     0.          53.589913    -0.696543
   5.12258411   5.12258411]
564.0 1:[ 52.896575    -1.33947      1.          52.897702    -1.271482
   3.08572934   3.08572934]
1101.0 1:[ 54.00828     -1.530125     0.          53.978583    -1.521635
   2.99749463   2.99749463]
1850.0 1:[ 51.454118    -0.057615     1.          51.40575     -0.06563      4.41173546
   4.41173546]
2507.0 1:[ 55.958618    -3.12238      0.          55.842787    -3.048805
  10.82739302  10.82739302]
773.0 1:[ 51.275928    -0.748065     1.          51.220513    -0.78354      4.87155015
   4.87155015]
1253.0 1:[ 51.276042    -0.74808      1.          51.37123     -0.685415
   8.07409727   8.07409727]
679.0 1:[ 51.249307    -0.20697      0.          51.248253    -0.206757
   2.60168118   2.60168118]
1028.0 1:[ 53.66624     -1.513938     0.          53.659257    -1.511702
   5.95397876   5.95397876]
