532.0 1:[ 50.88937     0.320683    0.         50.864142    0.256592    3.7984421
   3.7984421]
387.0 1:[ 51.426228    -0.932563     0.          51.432023    -0.905633
   1.85603575   1.85603575]
1621.0 1:[ 51.698593    -0.426198     0.          51.637912    -0.4685       6.13914738
   6.13914738]
199.0 1:[ 51.754842   -0.328753    0.         51.760365   -0.339852    0.9339209
   0.9339209]
764.0 1:[ 52.33098     -0.616633     0.          52.291097    -0.667492
   6.56665076   6.56665076]
2484.0 1:[ 51.402998    -0.748595     1.          51.551657    -0.486295
  18.66971884  18.66971884]
1287.0 1:[ 51.376265    -0.118613     0.          51.350572    -0.19489      4.92747355
   4.92747355]
222.0 1:[ 51.35327     -0.185708     0.          51.350773    -0.19475      0.68350831
   0.68350831]
430.0 1:[ 51.415662    -0.744847     0.          51.418752    -0.777868
   2.11639028   2.11639028]
838.0 1:[ 53.848357    -2.195958     1.          53.862283    -2.119873
   3.39330808   3.39330808]
348.0 1:[ 51.492562    -0.202298     1.          51.494697    -0.213602
   0.81275352   0.81275352]
490.0 1:[ 51.588135    -0.627993     0.          51.555018    -0.611157
   3.21311044   3.21311044]
1154.0 1:[ 51.479252    -1.042448     0.          51.433413    -1.075758
   6.06085461   6.06085461]
1127.0 1:[ 51.47927    -1.042392    0.         51.46025    -0.997623    5.4463185
   5.4463185]
290.0 1:[ 51.663038    -0.287187     1.          51.66534     -0.281825
   1.31917104   1.31917104]
3687.0 1:[ 53.222017   -0.530628    0.         53.564257   -0.624785   29.7487672
  29.7487672]
2550.0 1:[ 53.564055    -0.615482     0.          53.222045    -0.530612
  26.20819415  26.20819415]
608.0 1:[ 51.092278    -1.776105     0.          51.074105    -1.771767
   2.72036308   2.72036308]
1620.0 1:[ 54.481603    -6.224813     0.          54.572628    -6.007135
  13.97339537  13.97339537]
530.0 1:[ 51.405887    -0.065658     1.          51.388093    -0.089578
   1.67583811   1.67583811]
511.0 1:[ 51.808428     0.136813     0.          51.874867     0.352967
   4.67208999   4.67208999]
226.0 1:[ 51.873925     0.346438     0.          52.01702      0.240593
   1.23093633   1.23093633]
385.0 1:[ 55.083497    -1.587382     0.          55.100755    -1.591188
   1.89828899   1.89828899]
568.0 1:[ 52.041065    -0.715777     1.          52.024325    -0.783617
   4.44963911   4.44963911]
393.0 1:[ 52.029137   -0.489443    1.         52.029137   -0.489443    1.3782013
   1.3782013]
2482.0 1:[ 55.962887    -2.457382     0.          55.871212    -3.102295
  29.05283146  29.05283146]
89.0 1:[ 51.409408    -0.212383     0.          51.409008    -0.214453
   0.11060407   0.11060407]
2177.0 1:[ 51.381515    -0.124798     0.          51.408467    -0.214683
   8.54323252   8.54323252]
247.0 1:[ 51.408377    -0.094145     1.          51.408377    -0.094145
   1.40802712   1.40802712]
