1344.0 1:[ 50.80148     -1.092655     0.          50.83511     -0.799472
  16.89508272  16.89508272]
127.0 1:[ 51.356968     1.399618     0.          51.357295     1.400267
   0.20194564   0.20194564]
659.0 1:[ 51.681482    -0.389132     0.          51.698572    -0.426185
   3.37466695   3.37466695]
472.0 1:[ 52.402802    -0.74308      0.          52.37549     -0.719097
   4.17250756   4.17250756]
987.0 1:[ 53.723612    -1.94618      0.          53.724602    -1.887808
   4.26571323   4.26571323]
1673.0 1:[ 51.631572    -3.006333     1.          51.567247    -3.230967
  20.45181142  20.45181142]
609.0 1:[ 51.494108    -3.220823     1.          51.53798     -3.26236      3.96994055
   3.96994055]
57.0 1:[  5.20439430e+01  -3.55830000e-01   0.00000000e+00   5.20439430e+01
  -3.55830000e-01   5.15738090e-02   5.15738090e-02]
1220.0 1:[ 51.403183    -0.748105     0.          51.40346     -0.848083
   5.68057544   5.68057544]
939.0 1:[ 51.418745    -0.777735     0.          51.418737    -0.777907
   4.02337847   4.02337847]
415.0 1:[ 53.857372    -2.166225     1.          53.862292    -2.119787
   1.97223216   1.97223216]
1130.0 1:[ 53.862298    -2.11986      0.          53.909472    -2.178798
   5.83343275   5.83343275]
14738.0 1:[  52.630022      1.376398      0.           51.45592      -0.99084
  155.35336137  155.35336137]
1423.0 1:[ 51.432077    -0.94575      0.          51.456148    -0.992603
   6.67663346   6.67663346]
1876.0 1:[ 51.536805    -1.02416      0.          51.536815    -1.024143
  13.86403404  13.86403404]
382.0 1:[ 53.76843     -1.84241      0.          53.738875    -1.829755
   2.45317347   2.45317347]
3134.0 1:[ 53.222118    -0.530557     0.          53.564257    -0.624663
  27.27073888  27.27073888]
139.0 1:[ 52.025972    -0.790715     0.          52.024393    -0.783607
   0.44117355   0.44117355]
2065.0 1:[ 52.022897    -0.496938     0.          52.108745    -0.784677
  27.94430526  27.94430526]
901.0 1:[ 51.408613    -0.214752     0.          51.416057    -0.17969      1.70752804
   1.70752804]
853.0 1:[ 51.307352    -0.746565     0.          51.275983    -0.74819      2.70607154
   2.70607154]
975.0 1:[ 51.355208    -0.698993     0.          51.275995    -0.748173
   6.76238269   6.76238269]
1849.0 1:[ 53.324518    -3.834217     0.          53.302733    -3.543122
  15.14095184  15.14095184]
1963.0 1:[ 53.666862    -1.513955     0.          53.710088    -1.31107     16.63162133
  16.63162133]
