928.0 1:[ 50.864155     0.256553     0.          50.88959      0.320498
   4.57764157   4.57764157]
533.0 1:[ 50.781223    -0.825435     0.          50.811317    -0.772858
   3.67354649   3.67354649]
2531.0 1:[ 51.637943    -0.468513     0.          51.42311     -1.037653
  39.42475941  39.42475941]
221.0 1:[ 51.3615      -0.187977     1.          51.366952    -0.178597
   0.67667323   0.67667323]
2672.0 1:[ 53.723443    -1.946218     1.          53.732077    -1.717585
  11.34685934  11.34685934]
472.0 1:[ 53.725205    -1.887845     0.          53.714543    -1.87801      1.56647678
   1.56647678]
368.0 1:[ 51.575305    -3.233073     0.          51.567247    -3.230927
   1.92811481   1.92811481]
1040.0 1:[ 51.403368    -0.748872     0.          51.403105    -0.847663
   5.90551181   5.90551181]
1769.0 1:[ 53.862372    -2.119863     1.          53.690902    -2.326903
  18.89838344  18.89838344]
1808.0 1:[ 51.536805   -1.023593    0.         51.536857   -1.02409    14.0827567
  14.0827567]
400.0 1:[ 53.564287    -0.62477      1.          53.562312    -0.661627
   1.92003698   1.92003698]
324.0 1:[ 51.067648    -1.801142     0.          51.068125    -1.800465
   1.53913644   1.53913644]
112.0 1:[ 51.063788    -1.778848     0.          51.062605    -1.778515
   0.20815935   0.20815935]
119.0 1:[ 54.008357    -1.529953     0.          54.01046     -1.536987
   0.39146385   0.39146385]
1789.0 1:[  5.11305280e+01  -1.76320000e-02   1.00000000e+00   5.12143920e+01
  -5.14470000e-02   1.44145689e+01   1.44145689e+01]
1472.0 1:[  5.11254680e+01  -1.80900000e-02   0.00000000e+00   5.11827620e+01
  -2.58050000e-02   5.17788614e+00   5.17788614e+00]
3527.0 1:[ 55.100857    -1.591162     0.          54.655475    -1.302802
  35.68161934  35.68161934]
123.0 1:[  5.30641270e+01  -2.21261500e+00   1.00000000e+00   5.30640770e+01
  -2.21259300e+00   1.86411358e-03   1.86411358e-03]
382.0 1:[ 51.533558    -0.750343     0.          51.524417    -0.726028
   1.95980474   1.95980474]
778.0 1:[ 52.043953    -0.75078      0.          52.025433    -0.788898
   2.87446314   2.87446314]
1596.0 1:[ 55.917333    -3.11419      1.          55.841482    -3.040398
   7.73855683   7.73855683]
247.0 1:[ 55.940465   -3.176322    1.         55.933333   -3.16617     0.6083224
   0.6083224]
750.0 1:[ 51.408533    -0.214638     0.          51.408825    -0.214223
   3.45171697   3.45171697]
627.0 1:[ 51.304125    -0.723625     1.          51.275977    -0.748182
   3.53000974   3.53000974]
327.0 1:[ 51.286057    -0.747322     0.          51.275922    -0.748103
   1.01532053   1.01532053]
675.0 1:[ 53.303088    -3.542513     0.          53.302758    -3.543195
   1.97036805   1.97036805]
411.0 1:[ 51.409003    -0.094498     1.          51.408707    -0.094667
   1.28810248   1.28810248]
