1042.0 1:[ 50.803392     0.302552     1.          50.889563     0.320483
   8.32699535   8.32699535]
895.0 1:[ 50.889318     0.320682     1.          50.966043     0.277753
   6.79966496   6.79966496]
706.0 1:[ 51.434148    -0.902623     0.          51.43338     -0.904332
   5.43886205   5.43886205]
1082.0 1:[ 52.300477    -0.614513     0.          52.33099     -0.616727
   3.81521912   3.81521912]
466.0 1:[ 51.402908    -0.748557     0.          51.382565    -0.77282      3.10499185
   3.10499185]
506.0 1:[ 53.844898   -1.688298    0.         53.847122   -1.689355    1.5745546
   1.5745546]
2558.0 1:[ 53.991992    -1.881373     0.          53.84447     -1.688045
  17.08832916  17.08832916]
18.0 1:[  5.36908920e+01  -2.32686700e+00   1.00000000e+00   5.36907450e+01
  -2.32713800e+00   4.97096954e-03   4.97096954e-03]
992.0 1:[ 51.498423    -0.404957     0.          51.566278    -0.458468
   7.89141414   7.89141414]
2890.0 1:[ 53.56428     -0.624778     0.          53.239612    -0.514397
  26.26287481  26.26287481]
226.0 1:[ 51.277293    -0.209653     1.          51.267965    -0.207903
   0.99357254   0.99357254]
1026.0 1:[  5.11251480e+01  -1.83730000e-02   0.00000000e+00   5.11098700e+01
  -1.13652000e-01   6.10248648e+00   6.10248648e+00]
35.0 1:[  5.11740030e+01  -1.89450000e-02   0.00000000e+00   5.11744780e+01
  -1.76070000e-02   6.89722023e-02   6.89722023e-02]
379.0 1:[ 51.40181     -0.071512     0.          51.401323    -0.071885
   0.35728844   0.35728844]
640.0 1:[ 55.101032    -1.5907       0.          55.108382    -1.499915
   4.14827408   4.14827408]
1013.0 1:[ 52.024225    -0.783717     0.          52.039198    -0.688773
   5.11450628   5.11450628]
3606.0 1:[ 51.578267    -0.212625     0.          52.024405    -0.783607
  48.32900859  48.32900859]
71.0 1:[  5.59586680e+01  -3.12246800e+00   0.00000000e+00   5.59588680e+01
  -3.12305000e+00   9.32056788e-03   9.32056788e-03]
1384.0 1:[ 51.408532    -0.214722     0.          51.393962    -0.206795
   2.14373061   2.14373061]
798.0 1:[ 51.401523    -0.24041      0.          51.408493    -0.2147       1.82620993
   1.82620993]
