22.0 1:[  5.08114430e+01  -7.71992000e-01   0.00000000e+00   5.08114370e+01
  -7.72478000e-01   1.86411358e-03   1.86411358e-03]
719.0 1:[ 51.472442    -0.859057     0.          51.458338    -0.893418
   3.38336614   3.38336614]
1228.0 1:[ 52.331025    -0.616882     0.          52.402977    -0.743648
  10.37441343  10.37441343]
259.0 1:[ 53.732048    -1.717608     0.          53.724695    -1.715475
   0.92584308   0.92584308]
972.0 1:[ 53.774632    -1.901237     0.          53.728842    -1.862498
   4.57142786   4.57142786]
1777.0 1:[ 51.572623    -3.217488     1.          51.630022    -3.008048
  20.76871073  20.76871073]
4861.0 1:[ 51.416513    -0.755552     0.          51.353275    -0.185712
  39.46079893  39.46079893]
4556.0 1:[ 51.589735     0.49247      0.          51.350777    -0.194648
  52.36543585  52.36543585]
958.0 1:[ 51.569162     0.147072     0.          51.567627     0.144512
   1.42604689   1.42604689]
1038.0 1:[ 51.433543    -1.075933     0.          51.479222    -1.042483
   6.61573908   6.61573908]
2030.0 1:[ 51.433153   -1.075623    0.         51.536833   -1.02413    11.8675684
  11.8675684]
2226.0 1:[ 51.536802    -1.024145     0.          51.43335     -1.075967
  14.59476656  14.59476656]
264.0 1:[ 52.787372    -0.154348     0.          52.779105    -0.175438
   1.34464726   1.34464726]
535.0 1:[ 51.634338    -0.772138     0.          51.618413    -0.7653       1.65533286
   1.65533286]
1140.0 1:[ 51.43358     -1.075968     0.          51.4128      -0.946417
   8.31146107   8.31146107]
807.0 1:[ 51.08664     -1.775343     1.          51.074075    -1.771777
   2.74086833   2.74086833]
1149.0 1:[  5.11097580e+01  -1.13705000e-01   0.00000000e+00   5.11827920e+01
  -2.57970000e-02   8.23813927e+00   8.23813927e+00]
1478.0 1:[  5.12773820e+01  -2.09872000e-01   0.00000000e+00   5.11826320e+01
  -2.58100000e-02   1.38603058e+01   1.38603058e+01]
61.0 1:[  5.30641100e+01  -2.21251700e+00   1.00000000e+00   5.30640580e+01
  -2.21247000e+00   6.21371192e-04   6.21371192e-04]
1024.0 1:[ 52.022977    -0.497265     0.          52.010385    -0.510497
   2.64641991   2.64641991]
759.0 1:[ 51.425783    -0.200702     0.          51.408483    -0.214703
   1.74853853   1.74853853]
377.0 1:[ 51.272203    -0.721177     1.          51.275987    -0.748205
   1.61867196   1.61867196]
308.0 1:[ 53.302778    -3.543255     0.          53.304953    -3.52398      0.96126123
   0.96126123]
82.0 1:[ 53.301992   -3.539592    0.         53.302617   -3.542923    0.2007029
   0.2007029]
662.0 1:[  5.14057920e+01  -6.57450000e-02   0.00000000e+00   5.14175480e+01
  -4.47950000e-02   1.67894496e+00   1.67894496e+00]
