949.0 1:[ 50.84263     -1.08194      0.          50.835108    -0.799742
  14.26730394  14.26730394]
819.0 1:[ 51.434275    -0.902365     0.          51.434275    -0.902365
   5.41152171   5.41152171]
447.0 1:[ 56.408245    -3.469447     0.          56.398262    -3.470207
   1.28810248   1.28810248]
162.0 1:[ 51.363482    -0.175422     1.          51.36706     -0.17873      0.41010499
   0.41010499]
275.0 1:[ 51.766415    -0.313802     0.          51.760358    -0.339793
   1.74543168   1.74543168]
81.0 1:[ 0.          0.          0.          0.          0.          0.01615565
  0.01615565]
1929.0 1:[ 51.472552    -0.859135     0.          51.457735    -0.585618
  17.71591406  17.71591406]
440.0 1:[ 53.72462    -1.887798    0.         53.709733   -1.909387    2.1375169
   2.1375169]
573.0 1:[ 51.56709     -3.230928     1.          51.591685    -3.218323
   2.77442237   2.77442237]
362.0 1:[ 51.98785     -0.232885     0.          51.987832    -0.232892
   1.30550087   1.30550087]
1013.0 1:[ 51.403008    -0.748837     0.          51.403175    -0.748732
   4.77026664   4.77026664]
6447.0 1:[ 51.45592     -0.99084      0.          51.391573    -2.351572
  71.49248389  71.49248389]
4086.0 1:[ 52.128668    -1.004027     0.          51.478715    -0.965228
  56.93562097  56.93562097]
711.0 1:[ 51.47608     -0.967053     0.          51.462288    -0.988685
   2.44198879   2.44198879]
1257.0 1:[ 51.553982    -0.84207      0.          51.536835    -1.024148
  11.92597729  11.92597729]
1148.0 1:[ 52.779018    -0.175293     0.          52.810512    -0.137878
   3.59960332   3.59960332]
832.0 1:[ 53.715112    -1.787537     0.          53.751787    -1.818755
   3.69218762   3.69218762]
869.0 1:[ 53.56423     -0.624795     0.          53.590052    -0.638102
   3.14786646   3.14786646]
637.0 1:[ 51.074972    -1.8162       1.          51.074097    -1.77172      3.14786646
   3.14786646]
296.0 1:[ 51.875102     0.352643     0.          51.871462     0.363243
   1.29493756   1.29493756]
5296.0 1:[ 51.43359     -1.076138     0.          51.485607    -0.135462
  47.89280601  47.89280601]
482.0 1:[ 53.028348    -2.175363     0.          53.017517    -2.133255
   2.24128589   2.24128589]
2142.0 1:[ 51.45594     -0.968995     0.          51.533178    -0.749393
  21.55847351  21.55847351]
3993.0 1:[  5.14597170e+01   2.44980000e-02   0.00000000e+00   5.19467850e+01
  -5.03173000e-01   5.98902410e+01   5.98902410e+01]
2340.0 1:[ 53.79638     -1.53732      0.          53.859863    -1.511122
   6.28579098   6.28579098]
638.0 1:[ 53.302703    -3.543158     0.          53.302752    -3.543155
   1.92500795   1.92500795]
1534.0 1:[ 53.324722    -3.833755     0.          53.302695    -3.54315     15.18134097
  15.18134097]
1980.0 1:[ 53.666265    -1.514277     0.          53.784162    -1.543443
  12.10182534  12.10182534]
335.0 1:[ 53.676895    -1.50217      0.          53.676663    -1.501548
   1.42294003   1.42294003]
