750.0 1:[ 51.475405    -0.864383     0.          51.434242    -0.902948
   5.55319435   5.55319435]
847.0 1:[ 56.398198    -3.470112     0.          56.393988    -3.429682
   1.85789986   1.85789986]
1979.0 1:[ 51.367213    -0.178632     1.          51.367053    -0.178697
   5.59420484   5.59420484]
600.0 1:[ 51.367037    -0.178722     1.          51.358012    -0.148523
   2.24439275   2.24439275]
1722.0 1:[ 53.723558    -1.9458       0.          53.732038    -1.717552
  11.45062833  11.45062833]
2681.0 1:[ 53.72352     -1.946048     0.          53.732043    -1.717597
  11.41707429  11.41707429]
1661.0 1:[ 51.5678      -3.231417     0.          51.531565    -3.579452
  21.09430923  21.09430923]
274.0 1:[ 51.988918    -0.218227     0.          51.980727    -0.20457      0.23984928
   0.23984928]
207.0 1:[ 51.987638    -0.232505     0.          51.987638    -0.232505
   0.82207409   0.82207409]
491.0 1:[ 51.427368    -0.732688     0.          51.403102    -0.74868      3.17147857
   3.17147857]
427.0 1:[ 51.414457   -0.75777     0.         51.418727   -0.77787     1.5055824
   1.5055824]
698.0 1:[ 51.485627    -1.083592     0.          51.433308    -1.076027
   4.28186889   4.28186889]
1159.0 1:[ 53.783293    -1.878433     1.          53.815212    -1.92926      6.86739442
   6.86739442]
815.0 1:[ 53.698305    -1.778492     0.          53.715908    -1.801643
   1.75288813   1.75288813]
807.0 1:[ 53.564367    -0.624968     0.          53.56424     -0.624777
   3.56853476   3.56853476]
1477.0 1:[ 53.564232    -0.624805     0.          53.56424     -0.624765
   7.06250497   7.06250497]
1037.0 1:[ 53.978155    -1.52149      0.          54.008347    -1.530068
   2.89869661   2.89869661]
10094.0 1:[ 51.556167    -0.528358     0.          51.748078     0.141595
  96.00309194  96.00309194]
1641.0 1:[ 51.874943    0.352802    0.         51.87044     0.321082   14.2704108
  14.2704108]
774.0 1:[ 51.521097    -0.752687     1.          51.517685    -0.716428
   2.14248787   2.14248787]
141.0 1:[  5.58936980e+01  -3.06867800e+00   1.00000000e+00   5.58935800e+01
  -3.06889800e+00   1.73983934e-02   1.73983934e-02]
87.0 1:[ 55.882582    -3.086998     0.          55.881985    -3.087908
   0.12862384   0.12862384]
1457.0 1:[ 53.324692    -3.833703     0.          53.302727    -3.543135
  15.16642806  15.16642806]
946.0 1:[ 51.249492    -0.207132     0.          51.249402    -0.206828
   3.21870278   3.21870278]
