699.0 1:[ 50.828513    -0.787133     0.          50.80412     -0.825303
   3.95689175   3.95689175]
357.0 1:[ 50.826562    -0.776833     0.          50.829725    -0.785557
   2.76075221   2.76075221]
2564.0 1:[ 51.80775     -0.1729       0.          51.694913    -0.413493
  21.61750378  21.61750378]
397.0 1:[ 51.368503    -0.157678     1.          51.36746     -0.178312
   1.49129086   1.49129086]
832.0 1:[ 52.331225    -0.616428     0.          52.291073    -0.667347
   6.60579714   6.60579714]
2595.0 1:[ 53.723657    -1.946103     0.          53.732095    -1.717538
  10.94856041  10.94856041]
1097.0 1:[ 52.043943    -0.35583      0.          52.02461     -0.25295     10.08299034
  10.08299034]
10326.0 1:[  51.848193     -2.179235      1.           51.403012     -0.74863
  118.37991132  118.37991132]
1709.0 1:[ 53.836175    -1.618512     0.          53.772263    -1.423612
  12.10120397  12.10120397]
2172.0 1:[ 53.869508    -1.702542     0.          53.99195     -1.881298
  14.37045156  14.37045156]
444.0 1:[ 51.415842    -0.744893     0.          51.426862    -0.732232
   2.35126859   2.35126859]
174.0 1:[ 51.560493    -0.61572      0.          51.555053    -0.611222
   0.63939096   0.63939096]
1555.0 1:[ 51.472925    -2.568858     0.          51.454405    -2.630847
   3.83386026   3.83386026]
757.0 1:[ 53.859393    -1.511475     0.          53.818302    -1.514998
   3.35291895   3.35291895]
1430.0 1:[ 53.859833    -1.510862     0.          53.797168    -1.537117
   5.73214925   5.73214925]
1382.0 1:[ 51.920022    -0.427668     0.          51.907073    -0.41358     12.27208105
  12.27208105]
639.0 1:[ 55.918918    -3.13812      1.          55.907802    -3.145885
   2.01759226   2.01759226]
344.0 1:[ 51.31463     -0.745767     0.          51.30744     -0.746637
   1.11349718   1.11349718]
