876.0 1:[ 50.811362    -0.77277      0.          50.841297    -0.774972
   3.37404557   3.37404557]
13391.0 1:[ 53.80082     -1.547577     0.          53.010948    -2.184538
  99.50948958  99.50948958]
226.0 1:[ 51.43828     -0.908902     0.          51.437908    -0.908818
   0.62882765   0.62882765]
965.0 1:[ 51.47242     -0.85901      0.          51.51692     -0.749962
   7.33031595   7.33031595]
685.0 1:[ 53.745507    -1.645362     0.          53.732047    -1.717595
   4.64412829   4.64412829]
1551.0 1:[ 53.690685    -2.327043     1.          53.84831     -2.195985
  16.31285791  16.31285791]
342.0 1:[ 52.627878     1.372917     0.          52.630138     1.37801      0.67170226
   0.67170226]
121.0 1:[ 51.634095    -0.769337     0.          51.634338    -0.772138
   0.24854848   0.24854848]
479.0 1:[ 53.571812    -0.65099      0.          53.564245    -0.62481      1.85914261
   1.85914261]
831.0 1:[ 54.572615    -6.007177     0.          54.58159     -5.938422
   4.97780462   4.97780462]
685.0 1:[ 53.97862     -1.521517     0.          54.00839     -1.530092
   3.44488189   3.44488189]
194.0 1:[  5.11739800e+01  -1.83420000e-02   0.00000000e+00   5.11827930e+01
  -2.58980000e-02   8.10889406e-01   8.10889406e-01]
913.0 1:[  5.14310420e+01  -3.44520000e-02   1.00000000e+00   5.14135730e+01
  -5.24670000e-02   1.86411358e+00   1.86411358e+00]
448.0 1:[ 51.414415    -0.052957     1.          51.414505    -0.053003
   1.33159846   1.33159846]
950.0 1:[ 51.783247     0.10742      0.          51.783247     0.10742      8.90424918
   8.90424918]
1326.0 1:[ 55.84156     -3.040355     1.          55.880082    -3.165182
   7.18677921   7.18677921]
1269.0 1:[ 51.248952    -0.741277     0.          51.275962    -0.748188
   4.36886085   4.36886085]
358.0 1:[ 53.305215    -3.52439      0.          53.30271     -3.54317      0.98673745
   0.98673745]
