1036.0 1:[ 50.88961      0.320547     1.          50.849017     0.211937
   7.56457289   7.56457289]
48.0 1:[  5.13670030e+01  -1.78395000e-01   1.00000000e+00   5.13670330e+01
  -1.78525000e-01   4.97096954e-03   4.97096954e-03]
444.0 1:[ 53.724962    -1.866862     0.          53.725297    -1.887858
   1.61307962   1.61307962]
309.0 1:[ 51.354612   -0.185552    0.         51.348603   -0.204485    1.3782013
   1.3782013]
448.0 1:[ 51.348545    -0.204505     0.          51.350608    -0.194972
   1.59878808   1.59878808]
476.0 1:[ 53.844822    -1.688623     0.          53.857993    -1.690288
   2.06481647   2.06481647]
1626.0 1:[ 53.631235    -2.328333     0.          53.61327     -2.187578
   8.38043327   8.38043327]
1043.0 1:[ 53.859263    -2.17069      0.          53.807972    -2.22456      5.59358347
   5.59358347]
6602.0 1:[ 51.479293    -1.042332     0.          51.637963    -0.467463
  52.97003002  52.97003002]
372.0 1:[ 52.779172   -0.175503    1.         52.779172   -0.175503    1.5142816
   1.5142816]
253.0 1:[ 52.787412    -0.153625     0.          52.778965    -0.175152
   1.32352064   1.32352064]
1286.0 1:[ 53.781662    -1.788078     0.          53.715887    -1.801653
   6.73069275   6.73069275]
646.0 1:[ 51.074057    -1.771758     0.          51.062535    -1.774587
   2.08221487   2.08221487]
1271.0 1:[  5.12193820e+01  -4.87870000e-02   0.00000000e+00   5.13065330e+01
  -1.15967000e-01   7.82244194e+00   7.82244194e+00]
1652.0 1:[  5.12379680e+01  -2.03955000e-01   0.00000000e+00   5.11827230e+01
  -2.58770000e-02   1.44307246e+01   1.44307246e+01]
5981.0 1:[  5.15441600e+01  -1.12100000e-02   0.00000000e+00   5.18669900e+01
   1.95420000e-01   6.39782421e+01   6.39782421e+01]
1612.0 1:[ 51.456095    -0.968887     0.          51.533433    -0.750058
  12.97733735  12.97733735]
3245.0 1:[ 53.859933   -1.511402    0.         54.116613   -1.575087   24.6497952
  24.6497952]
708.0 1:[ 55.841483    -3.040195     0.          55.884535    -3.114525
   4.51550445   4.51550445]
684.0 1:[ 55.871412    -3.1023       0.          55.84143     -3.040365
   3.46476577   3.46476577]
359.0 1:[ 51.28883     -0.739688     1.          51.276       -0.748195
   1.39746381   1.39746381]
