1877.0 1:[ 50.88956      0.32049      1.          50.829368     0.236357
  13.72174004  13.72174004]
931.0 1:[ 52.33102     -0.6167       0.          52.29105     -0.66746      6.50948461
   6.50948461]
880.0 1:[ 53.71459     -1.877887     1.          53.723665    -1.94618      3.41319196
   3.41319196]
1771.0 1:[ 51.567265    -3.231208     0.          51.531368    -3.579345
  21.09679472  21.09679472]
324.0 1:[ 51.577975  -3.215298   0.        51.567283  -3.23099    1.79452    1.79452 ]
448.0 1:[ 51.415125    -0.755067     0.          51.427217    -0.731918
   2.35375408   2.35375408]
65.0 1:[ 51.460833    -1.013255     0.          51.46145     -1.013365
   0.07829277   0.07829277]
484.0 1:[ 51.656283    -0.269982     1.          51.662453    -0.275048
   1.35396783   1.35396783]
936.0 1:[ 51.537513    -0.906067     0.          51.536818    -1.024135
   7.05504852   7.05504852]
207.0 1:[ 52.779062    -0.175382     1.          52.779062    -0.175382
   1.19862503   1.19862503]
2059.0 1:[ 51.618282    -0.765235     1.          51.40445     -0.507602
  24.86168277  24.86168277]
742.0 1:[ 53.715908    -1.801597     0.          53.698482    -1.77756      2.21394556
   2.21394556]
596.0 1:[ 53.716115    -1.80113      0.          53.747327    -1.821125
   2.59857433   2.59857433]
400.0 1:[ 54.581693    -5.991098     0.          54.575437    -5.982387
   0.88731806   0.88731806]
379.0 1:[  5.11251150e+01  -1.83080000e-02   0.00000000e+00   5.11305130e+01
  -1.75850000e-02   6.39390957e-01   6.39390957e-01]
253.0 1:[ 51.418565   -0.074683    1.         51.414663   -0.070435    1.1389734
   1.1389734]
439.0 1:[ 53.037083    -2.13971      1.          53.037535    -2.16995      2.33262746
   2.33262746]
2805.0 1:[ 52.048475    -0.706137     0.          51.578278    -0.212583
  44.61258749  44.61258749]
2091.0 1:[ 53.797608    -1.537137     0.          53.85982     -1.511127
   6.13479778   6.13479778]
157.0 1:[ 55.954125   -3.115937    1.         55.95528    -3.112498    0.1920037
   0.1920037]
493.0 1:[ 55.841542    -3.040525     0.          55.8712      -3.102302
   3.42686213   3.42686213]
1159.0 1:[ 55.958818    -3.123148     0.          55.95453     -3.140087
   0.92211485   0.92211485]
2305.0 1:[ 55.94956     -3.18376      0.          55.872552    -3.101005
   8.01444564   8.01444564]
684.0 1:[ 51.408467    -0.214725     0.          51.42585     -0.20082      1.72865466
   1.72865466]
571.0 1:[ 51.371222    -0.165798     0.          51.377245    -0.175575
   1.37136622   1.37136622]
100.0 1:[  5.14088250e+01  -2.14223000e-01   0.00000000e+00   5.14085900e+01
  -2.14707000e-01   3.66609003e-02   3.66609003e-02]
338.0 1:[ 53.30221     -3.538968     0.          53.30221     -3.539017
   0.39084248   0.39084248]
4019.0 1:[ 53.69802     -1.266198     0.           0.           0.          62.60873996
  62.60873996]
