707.0 1:[ 50.860862     0.245512     0.          50.889563     0.320503
   4.99023204   4.99023204]
1678.0 1:[ 50.815287    -1.160345     0.          50.83513     -0.8         21.72251551
  21.72251551]
9960.0 1:[  50.811283     -0.772647      0.           52.042203     -1.137145
  119.81590014  119.81590014]
312.0 1:[ 51.694745    -0.41378      0.          51.69856     -0.426222
   1.41859043   1.41859043]
765.0 1:[ 52.330917    -0.616475     0.          52.29106     -0.66742      6.58715601
   6.58715601]
2741.0 1:[ 53.723585    -1.946055     1.          53.732055    -1.71757     11.40899646
  11.40899646]
2518.0 1:[ 53.631115    -2.328507     0.          53.808047    -2.224598
  17.51086157  17.51086157]
2124.0 1:[ 51.534052    -0.894348     0.          51.53683     -1.024133
   8.08901018   8.08901018]
2051.0 1:[ 51.536595    -1.0238       0.          51.536818    -1.024118
  14.08151396  14.08151396]
489.0 1:[ 52.789227    -0.15458      1.          52.789227    -0.15458      1.55467072
   1.55467072]
2850.0 1:[ 53.984105    -2.117138     0.          53.715872    -1.80163     26.66303786
  26.66303786]
704.0 1:[ 53.715897    -1.801657     0.          53.698045    -1.776153
   2.04679671   2.04679671]
2871.0 1:[ 53.564223    -0.624805     0.          53.224898    -0.531208
  27.49443251  27.49443251]
195.0 1:[ 51.07404     -1.771697     0.          51.074063    -1.771738
   0.61205062   0.61205062]
1662.0 1:[ 51.372563    -0.119075     1.          51.402487    -0.083265
   4.23650879   4.23650879]
1988.0 1:[ 51.874802     0.352925     0.          51.874802     0.352925
   6.78102382   6.78102382]
2043.0 1:[ 51.455925   -0.968925    0.         51.520673   -0.61962    18.8604798
  18.8604798]
1393.0 1:[ 51.40853     -0.214698     0.          51.394077    -0.206903
   2.14435198   2.14435198]
523.0 1:[ 53.305388    -3.52457      0.          53.302732    -3.543168
   1.01842738   1.01842738]
