644.0 1:[ 50.864127     0.256735     0.          50.889602     0.32047      3.79782073
   3.79782073]
673.0 1:[ 50.867157   -0.733448    0.         50.811387   -0.772713    5.9682703
   5.9682703]
865.0 1:[ 51.43439     -0.902382     0.          51.475452    -0.864083
   5.39785155   5.39785155]
731.0 1:[ 51.475533    -0.86404      0.          51.434292    -0.902927
   5.54387378   5.54387378]
752.0 1:[ 56.409973    -3.441075     1.          56.481618    -3.45962      6.61636045
   6.61636045]
783.0 1:[ 51.367407    -0.1783       1.          51.36704     -0.178662
   2.25806291   2.25806291]
733.0 1:[ 51.470342    -0.897388     0.          51.472517    -0.859187
   3.32185039   3.32185039]
556.0 1:[ 52.290982    -0.667395     0.          52.331038    -0.61674      5.72904239
   5.72904239]
4827.0 1:[ 53.723582    -1.946247     0.          53.732068    -1.717532
  11.95456037  11.95456037]
2846.0 1:[ 53.731942    -1.717445     0.          53.723602    -1.9462      11.29217868
  11.29217868]
1008.0 1:[ 51.981673    -0.202867     0.          51.985607    -0.20409      0.38773562
   0.38773562]
525.0 1:[ 51.403047    -0.748813     0.          51.3825      -0.77288      3.12301161
   3.12301161]
2460.0 1:[ 51.4035      -0.848082     0.          51.403122    -0.7487       5.93223077
   5.93223077]
5549.0 1:[ 51.350645    -0.194753     0.          51.589947     0.492447
  52.10632407  52.10632407]
1329.0 1:[ 53.690702    -2.327033     1.          53.857242    -2.1662      16.86649964
  16.86649964]
520.0 1:[ 54.592977   -1.351982    0.         54.592977   -1.351982    2.6638183
   2.6638183]
80.0 1:[  5.14592270e+01  -9.99243000e-01   0.00000000e+00   5.14592270e+01
  -9.99265000e-01   8.69919669e-03   8.69919669e-03]
338.0 1:[ 51.660743    -0.279305     1.          51.661037    -0.278058
   1.54410741   1.54410741]
1875.0 1:[ 51.53677     -1.024095     0.          51.53686     -1.024098
  13.87273324  13.87273324]
1031.0 1:[ 51.5367     -1.023535    0.         51.536603   -0.904893    6.9195896
   6.9195896]
519.0 1:[ 52.779905   -0.175857    1.         52.808103   -0.142438    3.2267806
   3.2267806]
548.0 1:[ 53.715798    -1.801567     0.          53.731085    -1.816418
   1.39187147   1.39187147]
1010.0 1:[ 51.43369     -1.076052     0.          51.4128      -0.946397
   8.33631592   8.33631592]
145.0 1:[  5.14335800e+01  -1.07607700e+00   0.00000000e+00   5.14335820e+01
  -1.07598000e+00   1.86411358e-03   1.86411358e-03]
2664.0 1:[ 53.564265    -0.624808     0.          53.222042    -0.530572
  27.24277718  27.24277718]
1607.0 1:[ 54.574062    -5.986483     0.          54.354093    -6.254267
  21.66472799  21.66472799]
1104.0 1:[ 55.10076     -1.59116      0.          55.176477    -1.699122
   8.37359819   8.37359819]
874.0 1:[ 51.293508    -0.75347      0.          51.346907    -0.712868
   4.56086455   4.56086455]
2272.0 1:[ 53.302757    -3.542993     0.          53.324408    -3.834412
  16.12396107  16.12396107]
2230.0 1:[  0.           0.           0.          51.380103    -0.106157
   2.53892269   2.53892269]
