3663.0 1:[ 50.995023    -0.100358     1.          50.971042     0.247443
  26.14481428  26.14481428]
510.0 1:[ 50.841452    -0.774722     0.          50.811373    -0.77278      3.55113636
   3.55113636]
5119.0 1:[ 50.811327    -0.77235      0.          51.085885    -0.226168
  46.45495307  46.45495307]
887.0 1:[ 51.637917   -0.468325    0.         51.700198   -0.43428     7.2948978
   7.2948978]
607.0 1:[ 51.472495    -0.859173     0.          51.49117     -0.87175      1.59133162
   1.59133162]
554.0 1:[ 52.291075   -0.667493    0.         52.301688   -0.61557     5.6619343
   5.6619343]
152.0 1:[ 52.326105    -0.611688     0.          52.331048    -0.616755
   0.48280542   0.48280542]
166.0 1:[ 51.314087    -0.308505     0.          51.314087    -0.308505
   0.48591227   0.48591227]
1247.0 1:[ 51.358247    -0.175898     0.          51.358247    -0.175898
   8.04613557   8.04613557]
144.0 1:[ 53.723527    -1.946162     1.          53.725843    -1.942658
   0.46602839   0.46602839]
971.0 1:[ 51.403195    -0.748767     0.          51.403132    -0.74868      5.22138213
   5.22138213]
140.0 1:[ 53.844997   -1.68819     0.         53.844498   -1.687973    0.0646226
   0.0646226]
1124.0 1:[ 51.107575    -1.045218     1.          51.189278    -0.876837
   9.42620099   9.42620099]
2399.0 1:[ 51.637673   -0.468003    0.         51.555012   -0.611112   12.2018661
  12.2018661]
614.0 1:[ 51.433373    -1.075788     0.          51.485577    -1.083138
   4.77896584   4.77896584]
1846.0 1:[ 51.433297    -1.075977     0.          51.536812    -1.024107
  11.87875308  11.87875308]
541.0 1:[ 53.715898    -1.801665     0.          53.698462    -1.77799      1.90823093
   1.90823093]
996.0 1:[ 51.412783   -0.946193    0.         51.433365   -1.075612    7.6528076
   7.6528076]
728.0 1:[ 51.067802    -1.800857     0.          51.068147    -1.800428
   1.86970592   1.86970592]
537.0 1:[ 51.075068    -1.816485     0.          51.0753      -1.800165
   2.93162928   2.93162928]
2955.0 1:[ 51.872258     0.345892     0.          51.714232    -0.39733     48.02640082
  48.02640082]
1785.0 1:[ 52.022918    -0.497117     0.          51.922673    -0.42858     12.21864312
  12.21864312]
644.0 1:[ 53.302833    -3.542498     0.          53.30275     -3.543132
   1.94924143   1.94924143]
83.0 1:[ 53.302647    -3.543127     0.          53.300892    -3.543147
   0.31752068   0.31752068]
372.0 1:[ 51.40787     -0.093925     1.          51.40787     -0.093925
   1.07310805   1.07310805]
