1449.0 1:[ 50.889437     0.269565     1.          50.944247     0.43568     12.56226139
  12.56226139]
72.0 1:[ 50.887793     0.319502     0.          50.889587     0.320515
   0.17211982   0.17211982]
5214.0 1:[ 51.29658     -0.856675     0.          51.67885     -0.388098
  48.98579794  48.98579794]
1471.0 1:[ 51.472517    -0.85885      0.          51.475658    -0.998475
   8.19526465   8.19526465]
376.0 1:[ 51.314658    -0.295277     0.          51.316378    -0.293055
   1.51055337   1.51055337]
289.0 1:[ 53.724697    -1.71553      0.          53.732028    -1.717602
   0.93454227   0.93454227]
475.0 1:[ 53.71466     -1.878492     0.          53.721107    -1.857223
   1.07870039   1.07870039]
1910.0 1:[ 53.725468   -1.88742     0.         53.723637   -1.946153   11.8762676
  11.8762676]
2956.0 1:[ 53.73214     -1.717403     0.          53.723627    -1.946208
  11.26111012  11.26111012]
604.0 1:[ 51.592322    -3.199495     0.          51.56729     -3.230968
   2.89124016   2.89124016]
1193.0 1:[ 52.043878    -0.35587      0.          52.008412    -0.24087     10.33029607
  10.33029607]
805.0 1:[ 51.40322    -0.837287    0.         51.40297    -0.748595    5.6252734
   5.6252734]
1322.0 1:[ 50.851922     0.469545     0.          50.853735     0.45591      0.84817168
   0.84817168]
195.0 1:[ 51.428427    -0.945955     0.          51.428452    -0.946128
   0.43061024   0.43061024]
1044.0 1:[ 51.537195    -1.024093     0.          51.537525    -0.90611      7.01155253
   7.01155253]
579.0 1:[ 51.536875   -1.024168    0.         51.517502   -0.981992    3.1901197
   3.1901197]
1453.0 1:[ 53.589628    -0.692852     0.          53.566117    -0.641383
   4.65220612   4.65220612]
800.0 1:[ 53.564242    -0.624755     0.          53.564235    -0.624857
   1.38130816   1.38130816]
443.0 1:[ 51.063188    -1.782108     0.          51.064528    -1.78942      1.95794063
   1.95794063]
714.0 1:[ 51.074152   -1.770417    0.         51.074668   -1.77198     1.9411636
   1.9411636]
1244.0 1:[ 51.441647     0.27261      0.          51.358857     0.126653
  13.95848246  13.95848246]
3740.0 1:[  5.12735430e+01   4.22180000e-02   1.00000000e+00   5.14186800e+01
  -7.48900000e-02   2.57900113e+01   2.57900113e+01]
378.0 1:[  5.13988350e+01  -4.10430000e-02   1.00000000e+00   5.13987180e+01
  -4.42270000e-02   9.43241470e-01   9.43241470e-01]
7401.0 1:[ 51.874628     0.35341      0.          51.424707    -0.889278
  93.37158494  93.37158494]
95.0 1:[ 51.519257    -0.616762     0.          51.520063    -0.61975      0.23860654
   0.23860654]
370.0 1:[ 51.526158   -0.7698      0.         51.521088   -0.752745    1.2359073
   1.2359073]
761.0 1:[ 53.859747   -1.511105    0.         53.869825   -1.449367    3.2267806
   3.2267806]
1001.0 1:[ 51.408592    -0.214673     0.          51.43916     -0.246972
   4.84172433   4.84172433]
2389.0 1:[ 51.275913   -0.747765    0.         51.322872   -0.559343   13.8348296
  13.8348296]
