733.0 1:[ 50.861022     0.245325     1.          50.88944      0.32439      5.10394297
   5.10394297]
472.0 1:[ 51.299625   -0.458635    0.         51.30483    -0.43957     1.0526028
   1.0526028]
1596.0 1:[ 51.98779     -0.23277      0.          51.951763    -0.267657
   7.36946234   7.36946234]
2158.0 1:[ 51.40371     -0.847853     0.          51.403088    -0.748707
   5.93533763   5.93533763]
277.0 1:[ 51.402978    -0.748547     0.          51.392847    -0.741313
   1.82931679   1.82931679]
6333.0 1:[ 51.416133    -0.755442     0.          51.350765    -0.194555
  37.38479778  37.38479778]
1571.0 1:[ 51.380937    -0.12357      0.          51.367005    -0.178627
   4.52606776   4.52606776]
476.0 1:[ 51.426915    -0.732093     0.          51.418707    -0.778057
   3.12239024   3.12239024]
319.051 1:[ 51.660375    -0.26607      1.          51.660375    -0.26607      1.46705738
   1.46705738]
611.0 1:[ 51.482447    -1.079742     0.          51.433275    -1.075663
   4.36388988   4.36388988]
292.0 1:[  5.15212650e+01  -6.48518000e-01   0.00000000e+00   5.15213200e+01
  -6.48547000e-01   4.28746123e-02   4.28746123e-02]
1055.0 1:[ 51.047262    -1.789017     0.          51.076198    -1.796245
   5.26549948   5.26549948]
382.0 1:[ 51.092282    -1.776162     0.          51.09235     -1.776003
   1.91879424   1.91879424]
801.0 1:[ 51.103202    -1.782162     0.          51.075245    -1.772953
   4.38377376   4.38377376]
224.0 1:[ 51.073968    -1.771595     0.          51.073968    -1.771595
   0.96498946   0.96498946]
1386.0 1:[  5.11255000e+01  -1.80850000e-02   0.00000000e+00   5.11827830e+01
  -2.58100000e-02   5.81727710e+00   5.81727710e+00]
787.0 1:[ 53.037578    -2.169977     1.          53.003393    -2.130985
   4.06687445   4.06687445]
869.0 1:[ 51.52108     -0.752792     0.          51.522963    -0.714403
   2.92230872   2.92230872]
284.0 1:[ 52.010262    -0.511323     0.          52.010267    -0.511313
   1.36080291   1.36080291]
1422.0 1:[ 55.871203    -3.10221      0.          55.958583    -3.122352
   7.15073968   7.15073968]
1228.0 1:[ 51.371197    -0.685418     1.          51.275983    -0.74818      8.04240734
   8.04240734]
1565.0 1:[ 53.056615    -3.008255     0.          53.04426     -2.987027
   3.02794182   3.02794182]
541.0 1:[ 53.302858    -3.542892     0.          53.302608    -3.54295      1.88337608
   1.88337608]
