8792.0 1:[  52.083617     -0.747755      0.           50.826257     -0.777082
  122.17711067  122.17711067]
283.0 1:[ 51.357295     1.400267     0.          51.357295     1.400267
   0.93951324   0.93951324]
456.0 1:[ 56.395825    -3.442543     0.          56.401445    -3.470078
   1.21415931   1.21415931]
1209.0 1:[ 51.363015    -0.119003     1.          51.366933    -0.178695
   3.26654836   3.26654836]
593.0 1:[ 52.291052    -0.667375     0.          52.331003    -0.616685
   5.76943152   5.76943152]
794.0 1:[ 52.040668    -0.757445     0.          52.035923    -0.689613
   4.10415672   4.10415672]
2393.0 1:[ 53.72359    -1.945802    0.         53.732045   -1.717597   13.2308568
  13.2308568]
474.0 1:[ 51.987743    -0.232787     0.          51.987753    -0.232937
   1.89891036   1.89891036]
183.0 1:[ 51.987842    -0.23297      0.          51.981743    -0.232305
   0.72638292   0.72638292]
1263.0 1:[ 52.043917    -0.355893     0.          52.043917    -0.355893
  10.23149805  10.23149805]
1842.0 1:[ 51.987858    -0.232778     0.          52.025732    -0.317558
  10.22714845  10.22714845]
1165.0 1:[ 51.403152    -0.748735     0.          51.382582    -0.77288      4.57391335
   4.57391335]
2034.0 1:[ 51.569127     0.147128     0.          51.565612     0.093045
   3.58344767   3.58344767]
605.0 1:[ 51.517415    -0.982432     0.          51.536633    -1.023983
   3.24169351   3.24169351]
678.0 1:[ 51.433338    -1.076107     0.          51.458967    -1.040502
   3.35478307   3.35478307]
1001.0 1:[ 53.704452    -1.85664      0.          53.715893    -1.801645
   5.64577865   5.64577865]
808.0 1:[ 51.277257    -0.210075     0.          51.277142    -0.209603
   0.11122544   0.11122544]
1092.0 1:[  5.12771180e+01  -2.09707000e-01   0.00000000e+00   5.12589720e+01
  -4.86700000e-03   1.11567198e+01   1.11567198e+01]
771.0 1:[  5.14057000e+01  -6.56600000e-02   1.00000000e+00   5.14312600e+01
  -3.48900000e-02   2.81294739e+00   2.81294739e+00]
1073.0 1:[  5.14408070e+01  -2.92680000e-02   0.00000000e+00   5.14058180e+01
  -6.57530000e-02   3.42437664e+00   3.42437664e+00]
1637.0 1:[  5.15023630e+01  -1.10000000e-03   0.00000000e+00   5.15076550e+01
  -6.86000000e-02   6.10559333e+00   6.10559333e+00]
850.0 1:[ 52.98714     -2.129197     0.          53.03836     -2.171115
   4.97221228   4.97221228]
1854.0 1:[ 55.841413    -3.039985     0.          55.965098    -3.27596     17.66434025
  17.66434025]
259.0 1:[ 55.917693   -3.136475    0.         55.92823    -3.157643    1.1625855
   1.1625855]
1340.0 1:[ 55.841518    -3.039963     0.          55.958558    -3.122503
  12.07634912  12.07634912]
1458.0 1:[ 51.354885    -0.603793     0.          51.276015    -0.74815     11.36736459
  11.36736459]
743.0 1:[ 53.667178    -1.514418     0.          53.656502    -1.520712
   3.44736737   3.44736737]
