371.0 1:[ 50.82396    -0.787442    0.         50.811383   -0.77274     3.2180814
   3.2180814]
520.0 1:[ 50.811395    -0.772697     0.          50.826267    -0.779613
   1.92500795   1.92500795]
498.0 1:[ 51.433263    -0.905722     0.          51.444928    -0.928638
   2.39476457   2.39476457]
1082.0 1:[ 52.355775  -0.68552    0.        52.353508  -0.545565   8.627739
   8.627739]
1667.0 1:[ 51.567323    -3.230715     0.          51.631528    -3.006252
  20.11067864  20.11067864]
2496.0 1:[ 51.98242     -0.202407     0.          51.904587    -0.208428
  17.52391036  17.52391036]
284.0 1:[ 51.987853    -0.232903     0.          51.982857    -0.223793
   0.84320071   0.84320071]
921.0 1:[ 51.402958    -0.748607     1.          51.403015    -0.74858      4.77399487
   4.77399487]
383.0 1:[ 51.42329     -0.980205     0.          51.429765    -0.968533
   1.08180725   1.08180725]
301.0 1:[ 51.393068   -0.740557    0.         51.403102   -0.748697    0.9705818
   0.9705818]
424.0 1:[ 51.48407     -1.087835     0.          51.483958    -1.084913
   2.34319077   2.34319077]
1741.0 1:[ 51.533992    -0.894172     0.          51.536643    -1.023932
   7.47944504   7.47944504]
2731.0 1:[ 51.536837    -1.024122     0.          51.433308    -1.076022
  14.59041696  14.59041696]
288.0 1:[ 53.704255    -1.776563     0.          53.715902    -1.801637
   1.64849777   1.64849777]
523.0 1:[ 53.585453    -0.637963     1.          53.568038    -0.643693
   2.41713394   2.41713394]
1164.0 1:[ 53.562585    -0.613822     0.          53.568157    -0.671032
   5.01446552   5.01446552]
530.0 1:[ 51.074063    -1.771693     1.          51.091668    -1.799788
   3.24107214   3.24107214]
492.0 1:[ 51.06249     -1.773993     0.          51.074125    -1.771773
   2.05176768   2.05176768]
772.0 1:[ 51.07415     -1.771687     0.          51.100295    -1.787322
   4.40179353   4.40179353]
1767.0 1:[ 54.630448    -5.772845     0.          54.52615     -6.002355
  16.10407719  16.10407719]
242.0 1:[  5.11827350e+01  -2.58250000e-02   0.00000000e+00   5.11740030e+01
  -1.89420000e-02   8.27045057e-01   8.27045057e-01]
579.0 1:[  5.13962180e+01  -4.88580000e-02   1.00000000e+00   5.14060450e+01
  -6.60100000e-02   1.50496103e+00   1.50496103e+00]
3424.0 1:[ 51.874802     0.352925     0.           0.           0.          35.21559095
  35.21559095]
660.0 1:[ 55.841365    -3.040487     0.          55.870873    -3.100205
   3.41567744   3.41567744]
1629.0 1:[ 51.40848     -0.214682     0.          51.416178    -0.179787
   3.03539827   3.03539827]
597.0 1:[ 51.276032    -0.748433     1.          51.304242    -0.72363      3.35354032
   3.35354032]
293.0 1:[ 51.28916     -0.739292     0.          51.276033    -0.7482       1.43474608
   1.43474608]
