294.0 1:[ 50.841272    -0.774483     1.          50.844302    -0.757255
   1.07683628   1.07683628]
742.0 1:[ 51.434003    -0.902917     1.          51.442777    -0.867448
   5.34689911   5.34689911]
407.0 1:[ 56.398277    -3.470185     1.          56.40109     -3.432655
   1.62364293   1.62364293]
383.0 1:[  0.           0.           0.          52.30049     -0.614498
   3.37466695   3.37466695]
2282.071 1:[  0.           0.           0.          51.567243    -3.231017
  24.74486499  24.74486499]
389.0 1:[ 51.403102   -0.748718    0.         51.393138   -0.740577    1.9088523
   1.9088523]
169.0 1:[ 51.35069     -0.195517     0.          51.350608    -0.19461      0.06586535
   0.06586535]
982.0 1:[ 51.575262     0.12516      0.          51.570897     0.12123      2.71663485
   2.71663485]
5813.0 1:[ 51.418802    -0.777878     0.          51.41874     -0.777875
  44.34353376  44.34353376]
522.0 1:[ 53.646625    -2.316315     0.          53.6311      -2.328642
   1.85914261   1.85914261]
1139.0 1:[ 51.473577    -1.04989      0.          51.45916     -0.998165
   5.61781695   5.61781695]
1571.0 1:[ 51.673087    -0.276298     1.          51.65476     -0.278052
   6.03537839   6.03537839]
536.0 1:[ 51.673173    -0.275922     0.          51.644902    -0.255333
   3.16153663   3.16153663]
434.0 1:[ 53.69812     -1.776112     0.          53.715915    -1.801652
   1.82869542   1.82869542]
556.0 1:[ 51.074027    -1.771795     0.          51.067128    -1.79389      1.71995546
   1.71995546]
1243.0 1:[ 51.074078   -1.77179     0.         51.076152   -1.804453    2.5171747
   2.5171747]
797.0 1:[  5.11827520e+01  -2.58000000e-02   0.00000000e+00   5.11255130e+01
  -1.79880000e-02   4.71993558e+00   4.71993558e+00]
1348.0 1:[  5.12770580e+01  -2.09820000e-01   0.00000000e+00   5.11827530e+01
  -2.58480000e-02   1.41747196e+01   1.41747196e+01]
100.0 1:[ 51.883997     0.175237     0.          51.883523     0.17473      0.11557504
   0.11557504]
484.0 1:[  5.15988170e+01   2.56200000e-03   0.00000000e+00   5.16137900e+01
  -1.58628000e-01   1.49936869e+00   1.49936869e+00]
293.0 1:[ 52.003402    -0.497175     0.          52.003203    -0.497325
   0.99419391   0.99419391]
939.0 1:[ 55.841457    -3.040418     0.          55.86841     -3.116405
   4.99644576   4.99644576]
3901.0 1:[ 55.870943    -3.100088     0.          55.84146     -3.040447
  22.86832399  22.86832399]
242.0 1:[ 53.30514     -3.524478     0.          53.302715    -3.543173
   0.97182454   0.97182454]
201.0 1:[ 51.24275     -0.205698     0.          51.242718    -0.205633
   0.60273006   0.60273006]
368.0 1:[ 51.398108   -0.087138    1.         51.397858   -0.087557    1.2725682
   1.2725682]
935.0 1:[ 53.666947    -1.514273     0.          53.666947    -1.514273
   3.53933031   3.53933031]
