1721.0 1:[ 50.944155     0.435758     1.          50.872588     0.608967
  12.23479878  12.23479878]
911.0 1:[ 51.434343    -0.90248      0.          51.44684     -0.864247
   5.82349081   5.82349081]
451.0 1:[ 51.42718     -0.93673      0.          51.434252    -0.902905
   2.09464229   2.09464229]
1410.0 1:[ 51.640437    -0.471343     0.          51.698572    -0.426215
   7.00161059   7.00161059]
453.0 1:[ 56.40102     -3.43271      1.          56.398245    -3.470193
   1.64104132   1.64104132]
761.0 1:[ 51.348328   -0.163445    1.         51.367133   -0.178615    2.4395033
   2.4395033]
363.0 1:[ 51.49058     -0.871622     0.          51.472493    -0.85913      1.66216794
   1.66216794]
461.0 1:[ 51.984355    -0.20271      0.          51.984347    -0.202683
   1.89331802   1.89331802]
1007.0 1:[ 52.037305    -0.338625     0.          51.98781     -0.232898
   8.52334864   8.52334864]
6456.0 1:[ 50.460172    -3.518893     0.          51.469858    -2.593083
  99.01052851  99.01052851]
3560.0 1:[ 51.416245    -0.755848     0.          51.270452    -0.212005
  32.18205679  32.18205679]
343.0 1:[ 51.350555    -0.194833     0.          51.350347    -0.19571      0.12241012
   0.12241012]
1352.0 1:[ 51.570683     0.098007     0.           0.           0.           3.87673487
   3.87673487]
4800.0 1:[ 51.418763    -0.77792      0.          51.415537    -0.74507     42.41976855
  42.41976855]
507.0 1:[ 53.781605    -2.237028     1.          53.79705     -2.23912      1.44406665
   1.44406665]
1436.0 1:[ 53.69073     -2.327127     0.          53.848388    -2.195863
  16.31534339  16.31534339]
525.0 1:[ 51.460902    -1.013602     0.          51.469992    -1.02824      2.46062992
   2.46062992]
251.0 1:[ 51.672942    -0.276237     0.          51.671625    -0.276745
   1.02588384   1.02588384]
6205.0 1:[ 51.854737   -0.182735    1.         52.779027   -0.175258   94.7162322
  94.7162322]
610.0 1:[ 51.074148   -1.771772    0.         51.074433   -1.770742    4.4067645
   4.4067645]
623.0 1:[ 51.067278    -1.793922     0.          51.062687    -1.775943
   1.27567506   1.27567506]
1642.0 1:[  5.12772630e+01  -2.10180000e-01   1.00000000e+00   5.11827650e+01
  -2.58080000e-02   1.38342082e+01   1.38342082e+01]
2683.0 1:[ 51.874857    0.352977    0.         51.677875    0.123388   34.5631512
  34.5631512]
1484.0 1:[ 53.037577    -2.169858     0.          53.0034      -2.131013
   4.07370954   4.07370954]
1298.0 1:[ 51.610612    -0.783188     0.          51.521098    -0.752748
   7.97032828   7.97032828]
98.0 1:[ 55.924663    -3.252488     0.          55.922727    -3.254423
   0.18392587   0.18392587]
1146.0 1:[ 55.908532    -3.208913     0.          55.871362    -3.1023       6.05153404
   6.05153404]
878.0 1:[ 51.304212    -0.723657     1.          51.275982    -0.748187
   3.73257675   3.73257675]
850.0 1:[ 53.3028      -3.543118     0.          53.3175      -3.491482
   3.37963791   3.37963791]
