1917.0 1:[ 50.833695    -0.777668     0.          50.811363    -0.772722
   4.18866321   4.18866321]
431.0 1:[ 51.12931     -1.065292     0.          51.130078    -1.088995
   1.46581464   1.46581464]
697.0 1:[ 51.43414    -0.903008    1.         51.433658   -0.90397     5.4332697
   5.4332697]
1073.0 1:[ 51.475828    -0.863638     0.          51.4342      -0.90296      5.54449515
   5.54449515]
144.0 1:[ 51.699167    -0.43423      0.          51.69861     -0.426278
   0.49958244   0.49958244]
426.0 1:[ 52.324863    -0.614177     0.          52.297503    -0.625473
   3.08635071   3.08635071]
539.0 1:[ 51.427148    -0.73194      0.          51.429208    -0.744535
   3.15532291   3.15532291]
346.0 1:[ 51.384005    -0.212772     1.          51.368678    -0.224412
   1.37385171   1.37385171]
298.0 1:[ 51.350328    -0.195687     0.          51.354597    -0.185673
   0.60894377   0.60894377]
533.0 1:[ 53.844787    -1.687743     0.          53.854042    -1.684672
   2.01697089   2.01697089]
583.0 1:[ 51.418883    -0.777857     0.          51.414508    -0.75777      1.66776028
   1.66776028]
3110.0 1:[ 51.418648    -0.777392     0.          51.216913    -0.805207
  22.01642408  22.01642408]
1637.0 1:[ 51.518045    -0.727802     0.          51.418753    -0.777847
  13.27745964  13.27745964]
4848.0 1:[ 51.509488    -0.144572     1.          51.295112    -0.854703
  34.03560705  34.03560705]
2666.0 1:[ 52.404952     0.722718     0.          52.627957     1.372922
  36.00535373  36.00535373]
3047.0 1:[ 53.944565    -2.113012     0.          53.715863    -1.801633
  26.47538376  26.47538376]
944.0 1:[ 51.435633    -0.973293     1.          51.412772    -0.946398
   3.74935377   3.74935377]
208.0 1:[ 53.564235    -0.624782     1.          53.560732    -0.63833      0.70649905
   0.70649905]
2700.0 1:[ 53.564248    -0.624778     0.          53.222025    -0.530647
  27.19182474  27.19182474]
171.0 1:[ 53.56424     -0.62485      0.          53.563388    -0.636747
   0.54991351   0.54991351]
935.0 1:[ 51.092223    -1.776113     0.          51.092322    -1.776098
   2.90739581   2.90739581]
970.0 1:[  5.11254670e+01  -1.80120000e-02   0.00000000e+00   5.11827730e+01
  -2.57900000e-02   6.08943768e+00   6.08943768e+00]
789.0 1:[ 51.458645    -0.11968      0.          51.417103    -0.082053
   1.77712161   1.77712161]
1520.0 1:[ 51.521077    -0.752717     0.          51.611778    -0.778272
   8.31953889   8.31953889]
1640.0 1:[ 55.939622    -3.220848     1.          55.859445    -3.16196      7.33466555
   7.33466555]
755.0 1:[ 55.969313    -3.23086      0.          55.974407    -3.18568      1.81564662
   1.81564662]
964.0 1:[ 51.346877    -0.712772     0.          51.286118    -0.747495
   5.48111529   5.48111529]
456.0 1:[ 53.305017    -3.524363     0.          53.302747    -3.543135
   0.98052374   0.98052374]
229.0 1:[ 51.2494     -0.207268    0.         51.248995   -0.207023    0.7636652
   0.7636652]
876.0 1:[ 51.248995    -0.207023     0.          51.237585    -0.175518
   2.26800485   2.26800485]
