22.0 1:[  5.08113350e+01  -7.72648000e-01   0.00000000e+00   5.08113420e+01
  -7.72757000e-01   4.97096954e-03   4.97096954e-03]
280.0 1:[ 50.811047    -0.772795     0.          50.802433    -0.80795      2.23569355
   2.23569355]
1060.0 1:[ 51.43093     -1.04879      1.          51.416062    -0.946695
   8.96452219   8.96452219]
333.0 1:[ 51.434215    -0.902912     0.          51.434215    -0.902912
   1.97223216   1.97223216]
203.0 1:[ 51.423142    -0.934045     0.          51.423118    -0.933983
   0.35356021   0.35356021]
1847.0 1:[ 51.698548    -0.42623      0.          51.637952    -0.46849      6.15840989
   6.15840989]
663.0 1:[ 53.723597    -1.946113     1.          53.725245    -1.888095
   4.33965641   4.33965641]
187.0 1:[ 53.735695    -1.721012     1.          53.732055    -1.717588
   0.60583691   0.60583691]
517.0 1:[ 52.043912    -0.3556       0.          52.043797    -0.35572      0.30012229
   0.30012229]
1890.0 1:[ 51.98779     -0.232993     0.          52.043957    -0.355667
  11.69669132  11.69669132]
492.0 1:[ 51.408492    -0.74856      0.          51.412533    -0.720353
   2.44198879   2.44198879]
13984.0 1:[  53.434468     -2.93541       0.           51.403135     -0.748698
  228.48564384  228.48564384]
454.0 1:[ 51.41903     -0.777657     0.          51.415255    -0.74463      1.89269665
   1.89269665]
1902.0 1:[ 51.418803    -0.770343     0.          51.51761     -0.729295
   9.76049869   9.76049869]
2852.0 1:[ 51.418957    -0.77789      0.          51.214573    -0.806883
  20.78175952  20.78175952]
45.0 1:[  5.36908580e+01  -2.32691000e+00   0.00000000e+00   5.36907330e+01
  -2.32716800e+00   2.48548477e-03   2.48548477e-03]
795.0 1:[ 51.479367    -1.04235      0.          51.460763    -0.994402
   3.28767498   3.28767498]
1894.0 1:[ 51.67292     -0.276402     1.          51.605897    -0.19037      8.92786129
   8.92786129]
331.0 1:[ 51.67291     -0.276297     1.          51.672148    -0.276917
   1.62177881   1.62177881]
204.0 1:[ 52.779218    -0.175333     1.           0.           0.           1.20111051
   1.20111051]
1277.0 1:[ 52.780178    -0.17529      1.          52.780178    -0.17529      6.78040245
   6.78040245]
704.0 1:[ 53.783435    -1.878697     0.          53.751807    -1.818763
   3.85995785   3.85995785]
623.0 1:[ 53.716172   -1.801392    0.         53.697713   -1.775162    2.1052056
   2.1052056]
510.0 1:[ 53.56414     -0.635147     1.          53.565982    -0.624455
   1.10976895   1.10976895]
173.0 1:[ 51.074653    -1.769888     1.          51.074653    -1.769888
   0.59775909   0.59775909]
1161.0 1:[ 51.07444     -1.771293     0.          51.066648    -1.840648
   4.42478426   4.42478426]
374.0 1:[  5.11826920e+01  -2.58050000e-02   1.00000000e+00   5.11827470e+01
  -2.58720000e-02   1.91071642e+00   1.91071642e+00]
937.0 1:[ 51.136308    -0.097268     0.          51.146638    -0.180237
   7.65156486   7.65156486]
204.0 1:[ 51.523558    -0.622817     0.          51.519207    -0.616743
   0.53313648   0.53313648]
627.0 1:[ 52.048617    -0.706305     0.          52.024412    -0.783598
   5.44880398   5.44880398]
