528.0 1:[ 50.841388    -0.774892     0.          50.81138     -0.772738
   3.51012586   3.51012586]
767.0 1:[ 51.434355    -0.902882     0.          51.422992    -0.934145
   2.71166388   2.71166388]
1605.0 1:[ 51.43444     -0.902765     0.           0.           0.          11.51152271
  11.51152271]
230.0 1:[ 53.725487    -1.715753     0.          53.73203     -1.717643
   0.71271276   0.71271276]
210.0 1:[ 51.983975    -0.222798     0.          51.98797     -0.228822
   0.81337489   0.81337489]
397.0 1:[ 51.367632   -0.157967    0.         51.358145   -0.19108     2.0685447
   2.0685447]
4426.0 1:[ 53.862352    -2.119788     0.          53.59015     -2.168953
  32.39021614  32.39021614]
561.0 1:[ 51.555202    -0.610815     0.          51.59043     -0.628167
   3.38833711   3.38833711]
2534.0 1:[ 51.555152    -0.611045     0.          51.423397    -1.037105
  23.66678597  23.66678597]
426.0 1:[ 51.483737    -1.08564      0.          51.483463    -1.085775
   2.19344031   2.19344031]
9462.0 1:[  53.42273      -1.25559       0.           51.479243     -1.042408
  159.17603694  159.17603694]
1567.0 1:[ 51.534073    -0.894083     0.          51.536843    -1.024083
   8.10268035   8.10268035]
285.0 1:[ 54.637447   -2.654203    0.         54.639913   -2.651528    0.4896405
   0.4896405]
522.0 1:[ 53.757177    -1.805965     0.          53.781618    -1.788192
   2.42334765   2.42334765]
33.0 1:[  5.36972920e+01  -1.77483800e+00   0.00000000e+00   5.36971920e+01
  -1.77464300e+00   5.59234073e-03   5.59234073e-03]
67.0 1:[  5.35905880e+01  -6.37515000e-01   0.00000000e+00   5.35900370e+01
  -6.38162000e-01   3.35540444e-02   3.35540444e-02]
969.0 1:[ 53.97882     -1.521162     0.          54.00833     -1.530072
   2.92790106   2.92790106]
117.0 1:[  5.11826870e+01  -2.58780000e-02   1.00000000e+00   5.11756750e+01
  -2.09430000e-02   6.59896206e-01   6.59896206e-01]
379.0 1:[ 51.872088     0.364435     0.          51.872088     0.364435
   1.53478684   1.53478684]
311.0 1:[ 55.101215    -1.590362     0.          55.086653    -1.58618      1.73486837
   1.73486837]
269.0 1:[ 53.302718    -3.543193     0.          53.305402    -3.524573
   0.93702776   0.93702776]
396.0 1:[ 53.665262   -1.505115    0.         53.66953    -1.510148    1.5658554
   1.5658554]
