77.0 1:[ 50.889507     0.320317     0.          50.887788     0.319483
   0.21685855   0.21685855]
395.0 1:[ 50.83362     -0.774443     0.          50.828413    -0.787213
   1.86224946   1.86224946]
519.0 1:[ 51.361808     1.3939       0.          51.343578     1.416548
   1.88213334   1.88213334]
365.0 1:[ 51.434213    -0.902922     0.          51.42712     -0.927172
   1.71312038   1.71312038]
1743.0 1:[ 56.398278   -3.470193    1.         56.480827   -3.023855   22.9758212
  22.9758212]
1122.0 1:[ 56.405717    -3.45324      0.          56.398273    -3.470195
   4.66463354   4.66463354]
1231.0 1:[ 52.331067    -0.616875     0.          52.40203     -0.74244     10.38062714
  10.38062714]
708.0 1:[ 51.312763    -0.335732     0.          51.312698    -0.335635
   2.54575777   2.54575777]
530.0 1:[  5.15671900e+01  -3.23092500e+00   1.00000000e+00   5.15672020e+01
  -3.23100700e+00   1.98838782e-02   1.98838782e-02]
47.0 1:[ 52.043552   -0.354392    0.         52.043552   -0.354392    0.1230315
   0.1230315]
540.0 1:[ 52.044217    -0.355555     0.          52.037293    -0.338537
   3.06460272   3.06460272]
1345.0 1:[ 52.043888    -0.355708     0.          51.987853    -0.232903
  10.30481985  10.30481985]
2178.0 1:[ 51.453808    -0.97179      0.          51.402977    -0.74865     12.33297542
  12.33297542]
199.0 1:[ 51.354202    -0.184162     0.          51.35078     -0.1948       0.69345025
   0.69345025]
415.0 1:[ 53.857345    -2.166373     0.          53.862327    -2.119812
   1.95669788   1.95669788]
1247.0 1:[ 51.069825    -1.294033     1.          51.347643    -1.342485
  19.64465024  19.64465024]
2529.0 1:[ 51.433403    -1.075825     0.          51.555017    -0.61111     25.84717748
  25.84717748]
382.0 1:[ 53.483988    -2.239013     0.          53.483988    -2.239013
   0.23860654   0.23860654]
442.0 1:[ 51.662908    -0.286965     0.          51.662922    -0.286982
   1.29618031   1.29618031]
2685.0 1:[ 53.56425     -0.624817     0.          53.22202     -0.530667
  27.14460053  27.14460053]
152.0 1:[  5.10740850e+01  -1.77158300e+00   1.00000000e+00   5.10740780e+01
  -1.77163000e+00   5.59234073e-03   5.59234073e-03]
1011.0 1:[  5.11529400e+01  -4.94700000e-02   1.00000000e+00   5.11827570e+01
  -2.58120000e-02   3.02297085e+00   3.02297085e+00]
378.0 1:[ 51.401133    -0.052315     1.          51.400717    -0.051502
   1.17625567   1.17625567]
4333.0 1:[  5.18750270e+01   3.53147000e-01   0.00000000e+00   5.15814620e+01
   4.11650000e-02   3.48794291e+01   3.48794291e+01]
92.0 1:[ 53.038362   -2.171065    0.         53.037552   -2.169905    0.0646226
   0.0646226]
7009.0 1:[ 51.456008    -0.968725     0.          51.533528    -0.750418
  21.58767796  21.58767796]
488.0 1:[ 51.869667   -0.537082    1.         51.882343   -0.515188    1.9262507
   1.9262507]
2201.0 1:[ 51.408412    -0.214682     1.          51.381253    -0.125117
   5.69610972   5.69610972]
276.0 1:[ 53.302693    -3.543123     0.          53.311723    -3.522575
   1.34091903   1.34091903]
