1479.0 1:[ 50.866017     0.545153     0.          50.889557     0.320495
  12.99225026  12.99225026]
670.0 1:[ 50.835292    -0.799873     0.          50.811598    -0.772738
   3.64185656   3.64185656]
667.0 1:[ 51.434228    -0.902973     1.          51.427077    -0.936592
   2.04120437   2.04120437]
250.0 1:[ 51.479072    -0.865885     0.          51.472513    -0.85908      0.72762567
   0.72762567]
995.0 1:[ 52.331       -0.616677     0.          52.283517    -0.665617
   5.99747475   5.99747475]
509.0 1:[ 51.978925    -0.231178     0.          51.9878      -0.232945
   1.19365406   1.19365406]
449.0 1:[ 53.862237    -2.120055     0.          53.858668    -2.174722
   2.30093752   2.30093752]
2648.0 1:[ 51.738683    -1.099757     0.          51.555013    -0.611248
  27.24712678  27.24712678]
292.0 1:[ 51.671308    -0.276305     1.          51.671308    -0.276305
   1.50806788   1.50806788]
1584.0 1:[ 51.575103    -0.202188     1.          51.67339     -0.276202
   9.74744989   9.74744989]
118.0 1:[ 51.078622    -1.772108     0.          51.078683    -1.772413
   0.37903643   0.37903643]
354.0 1:[  5.11827380e+01  -2.58780000e-02   0.00000000e+00   5.11827520e+01
  -2.58070000e-02   1.42356140e+00   1.42356140e+00]
349.0 1:[ 53.037517    -2.169923     0.          53.050637    -2.15271      1.35334646
   1.35334646]
1261.0 1:[ 51.455983    -0.968775     0.          51.504327    -0.820788
   8.10019486   8.10019486]
1384.0 1:[ 55.841433    -3.040447     0.          55.958725    -3.122987
  12.07199952  12.07199952]
190.0 1:[ 55.87369     -3.115378     0.          55.870628    -3.113158
   0.31254971   0.31254971]
1194.0 1:[ 55.841472    -3.040388     0.          55.887102    -3.162882
   6.92331782   6.92331782]
1034.0 1:[ 51.286423    -0.747687     0.          51.346837    -0.712885
   5.22262487   5.22262487]
381.0 1:[ 53.305557    -3.524383     0.          53.302695    -3.543187
   0.96312535   0.96312535]
746.0 1:[ 53.302417    -3.543125     0.          53.302728    -3.543132
   1.96601845   1.96601845]
