754.0 1:[ 50.86693     -0.733585     0.          50.811325    -0.7727       5.94652231
   5.94652231]
965.0 1:[ 51.423262    -0.934205     0.          51.423302    -0.934163
   7.20728446   7.20728446]
2821.025 1:[  0.          0.          0.         51.637975   -0.468563    6.1105643
   6.1105643]
1056.0 1:[ 56.481652    -3.459595     1.          56.398278    -3.470192
   7.45956116   7.45956116]
535.0 1:[ 52.291093    -0.667302     0.          52.331       -0.616762
   5.73898433   5.73898433]
792.0 1:[ 52.330968    -0.616872     0.          52.29108     -0.667398
   6.56851487   6.56851487]
342.0 1:[ 51.40136     -0.752348     1.          51.391473    -0.751312
   1.74543168   1.74543168]
194.0 1:[ 51.40135     -0.752255     1.          51.403252    -0.748735
   0.83947248   0.83947248]
1385.0 1:[ 51.403103    -0.847475     0.          51.403015    -0.748607
   5.97448401   5.97448401]
1341.0 1:[ 51.517623    -0.728818     0.          51.414762    -0.746388
   8.62463215   8.62463215]
1768.0 1:[ 53.811832    -2.22627      0.          53.690973    -2.326763
  13.20538058  13.20538058]
995.0 1:[ 51.479273    -1.042367     0.          51.433472    -1.07574      6.07328203
   6.07328203]
1003.0 1:[ 51.433477    -1.075787     0.          51.479235    -1.042522
   6.56913624   6.56913624]
213.0 1:[ 51.660368    -0.26654      1.          51.660262    -0.266418
   0.46292154   0.46292154]
237.0 1:[ 51.662922    -0.286982     0.          51.662922    -0.286982
   1.01034956   1.01034956]
1338.0 1:[ 51.350613    -0.859525     1.          51.41274     -0.946395
  11.22879881  11.22879881]
422.0 1:[ 51.067332    -1.794007     0.          51.067643    -1.793802
   1.12406049   1.12406049]
863.0 1:[ 51.074183    -1.771593     0.          51.07411     -1.771542
   4.65344886   4.65344886]
518.0 1:[ 51.062548    -1.774638     0.          51.074043    -1.771697
   2.10023463   2.10023463]
1287.0 1:[ 51.440782    -0.056798     1.          51.405815    -0.06583      3.59960332
   3.59960332]
2618.0 1:[ 52.448567   -1.493717    0.         52.397042   -1.0291     32.6089388
  32.6089388]
943.0 1:[ 51.867818     0.514598     0.          51.868225     0.537925
  11.63393283  11.63393283]
309.0 1:[ 51.275945    -0.748107     1.          51.27499     -0.7227       1.62799252
   1.62799252]
809.0 1:[ 51.236513    -0.207345     0.          51.236513    -0.207345
   3.19509067   3.19509067]
930.0 1:[ 53.638513    -1.54723      1.          53.677915    -1.493103
   5.15489541   5.15489541]
