686.0 1:[ 50.864568     0.259878     1.          50.88957      0.320485
   4.10788495   4.10788495]
1470.0 1:[ 52.33101    -0.616752    0.         52.402893   -0.743675   11.9862503
  11.9862503]
2171.0 1:[ 53.732055    -1.71759      1.          53.723585    -1.9462      11.31454804
  11.31454804]
2179.0 1:[ 51.987752    -0.23257      0.          52.044522    -0.363313
  10.34396624  10.34396624]
1075.0 1:[ 51.402972    -0.748592     0.          51.423342    -0.980018
  11.98500756  11.98500756]
745.0 1:[ 51.382647    -0.772868     0.          51.427367    -0.731745
   5.33882128   5.33882128]
488.0 1:[ 53.855678    -2.174452     0.          53.862423    -2.119748
   2.30031615   2.30031615]
7597.0 1:[ 52.664528    -1.967107     0.          53.48325     -2.257575
  80.16993259  80.16993259]
1858.0 1:[ 51.47923     -1.042405     0.          51.452098    -1.007052
   7.58632089   7.58632089]
1421.0 1:[ 51.536952  -1.024003   0.        51.534032  -0.894047   8.70976    8.70976 ]
164.0 1:[ 53.71589     -1.801615     0.          53.71509     -1.787563
   0.76428657   0.76428657]
2718.0 1:[ 53.925513    -1.82328      0.          53.715862    -1.801662
  20.56738646  20.56738646]
222.0 1:[  5.11827900e+01  -2.59200000e-02   0.00000000e+00   5.11745130e+01
  -1.76800000e-02   8.17103118e-01   8.17103118e-01]
325.0 1:[ 53.037678   -2.169885    0.         53.028348   -2.175363    0.7636652
   0.7636652]
374.0 1:[ 51.523958    -0.727965     0.          51.533502    -0.750412
   2.09526366   2.09526366]
4820.0 1:[ 50.065548    -5.711955     0.          50.15137     -5.063613
  40.41087549  40.41087549]
1835.0 1:[ 53.797927    -1.564142     0.          53.859773    -1.511125
   8.47363895   8.47363895]
2405.0 1:[ 55.9256      -3.247833     0.          55.871373    -3.099655
  12.16458383  12.16458383]
716.0 1:[ 51.408505    -0.214288     0.          51.401125    -0.238598
   1.53105862   1.53105862]
1986.0 1:[ 53.302758    -3.543178     0.          53.324665    -3.833682
  15.90213155  15.90213155]
697.0 1:[ 51.381593    -0.105958     1.          51.383382    -0.107902
   2.22575161   2.22575161]
