379.0 1:[ 51.342862     1.412078     0.          51.342862     1.412078
   1.98528096   1.98528096]
3479.0 1:[ 52.331253   -0.61667     0.         51.916025   -0.423392   36.3297095
  36.3297095]
220.0 1:[ 53.732178    -1.717287     0.          53.724692    -1.715428
   0.92025074   0.92025074]
221.0 1:[ 53.725045    -1.715592     0.          53.732092    -1.717155
   0.76180108   0.76180108]
1180.0 1:[ 52.043913    -0.355773     0.          51.987843    -0.232907
  10.29177106  10.29177106]
183.0 1:[ 51.402743    -0.83771      0.          51.403112    -0.84756      0.74129583
   0.74129583]
839.0 1:[ 51.40294     -0.748672     0.          51.409388    -0.83256      4.81376263
   4.81376263]
1059.0 1:[ 51.3508      -0.19479      0.          51.381188    -0.18493      2.95275591
   2.95275591]
1709.0 1:[ 51.55504     -0.611225     0.          51.638368    -0.4657      16.48497773
  16.48497773]
1103.0 1:[ 51.433418    -1.075845     0.          51.479245    -1.042373
   6.56167979   6.56167979]
1142.0 1:[ 51.479162   -1.0423      0.         51.479468   -1.041898    6.0459417
   6.0459417]
684.0 1:[ 51.394743   -1.08983     0.         51.43332    -1.076025    4.1973624
   4.1973624]
839.0 1:[ 51.537525    -0.906113     0.          51.536835    -1.024103
   6.85558836   6.85558836]
645.0 1:[ 51.074       -1.829732     0.          51.067412    -1.794857
   2.03996162   2.03996162]
903.0 1:[ 53.985202    -1.498633     0.          54.008377    -1.530072
   3.86803567   3.86803567]
1744.0 1:[ 51.87489      0.353043     0.          51.80838      0.136968
  14.47919152  14.47919152]
604.0 1:[ 53.01895     -2.134835     1.          53.029333    -2.17621      2.05301042
   2.05301042]
560.0 1:[ 55.841488    -3.040422     1.          55.871253    -3.10239      3.45606657
   3.45606657]
