1067.0 1:[ 50.802525     0.250752     1.          50.889583     0.320467
   9.62379703   9.62379703]
517.0 1:[ 50.863683    0.257008    1.         50.889587    0.320537    3.7443828
   3.7443828]
92.0 1:[ 50.887767     0.319482     0.          50.889695     0.320373
   0.22245089   0.22245089]
1181.0 1:[ 50.841022    -0.775158     0.          50.732078    -0.792685
   9.02728068   9.02728068]
908.0 1:[ 53.72365     -1.946108     1.          53.725398    -1.888165
   4.33592818   4.33592818]
221.0 1:[ 51.591785    -3.218648     1.          51.577853    -3.215225
   1.49439772   1.49439772]
841.0 1:[ 53.83225     -1.644727     0.          53.844998    -1.688477
   2.31709318   2.31709318]
2193.0 1:[ 51.418685  -0.7776     0.        51.517632  -0.72974    9.913356
   9.913356]
1804.0 1:[ 53.862292    -2.119902     1.          53.690887    -2.32692     18.92323829
  18.92323829]
717.0 1:[ 54.583542   -1.359102    0.         54.583887   -1.352287    0.5586127
   0.5586127]
1053.0 1:[ 51.479378    -1.042105     0.          51.43352     -1.075692
   6.06831106   6.06831106]
2722.0 1:[ 51.479288    -1.042422     0.          51.445635    -0.957187
   7.67579834   7.67579834]
976.0 1:[ 51.433462    -1.075708     0.          51.479215    -1.042465
   6.59088424   6.59088424]
914.0 1:[ 53.56424     -0.62472      0.          53.590087    -0.63807      3.15905114
   3.15905114]
1445.0 1:[ 51.047525    -1.789208     0.          51.069753    -1.793748
   2.48175654   2.48175654]
439.0 1:[ 51.079393    -1.782273     0.          51.074188    -1.771735
   2.05922413   2.05922413]
217.0 1:[ 51.405877    -0.065952     1.          51.405823    -0.06727      0.62074982
   0.62074982]
251.0 1:[ 51.457418    -0.961065     0.          51.456163    -0.969003
   0.71147002   0.71147002]
1844.0 1:[ 55.922865    -3.254502     0.          55.841472    -3.04043     13.98955102
  13.98955102]
708.0 1:[ 51.415962    -0.179682     0.          51.408497    -0.214688
   1.70628529   1.70628529]
423.0 1:[ 53.311793    -3.522463     0.          53.302677    -3.543138
   1.35148234   1.35148234]
