1377.0 1:[ 50.889533     0.320463     0.          50.794007     0.289405
  11.84022807  11.84022807]
444.0 1:[ 51.343422     1.416767     0.          51.343422     1.416767
   1.91630876   1.91630876]
1460.0 1:[ 51.69859     -0.426205     0.          51.750523    -0.225762
  15.72814762  15.72814762]
808.0 1:[ 56.406215    -3.455548     1.          56.409997    -3.441058
   2.57309811   2.57309811]
481.0 1:[ 52.324788    -0.614197     0.          52.298838    -0.616462
   3.55735008   3.55735008]
3832.0 1:[ 51.344323    -0.48513      0.          51.007047    -0.1062      40.29902867
  40.29902867]
293.0 1:[ 51.98751     -0.233738     0.          51.978598    -0.231728
   0.75372326   0.75372326]
252.0 1:[ 51.406457    -0.733198     0.          51.403157    -0.74871      1.18495486
   1.18495486]
1183.0 1:[ 51.403135    -0.74871      0.          51.403453    -0.848035
   5.73774159   5.73774159]
476.0 1:[ 51.403365    -0.748828     0.          51.403365    -0.748828
   0.96063986   0.96063986]
907.0 1:[ 51.56929      0.147748     0.          51.569282     0.147292
   1.43536745   1.43536745]
5849.0 1:[ 53.422293    -1.255802     0.          54.579722    -1.304295
  90.41510081  90.41510081]
184.0 1:[ 51.673182    -0.27606      1.          51.673182    -0.27606      0.99792213
   0.99792213]
1815.0 1:[ 51.43348     -1.075958     0.          51.520547    -0.648825
  22.38738269  22.38738269]
91.0 1:[  5.11828270e+01  -2.58850000e-02   0.00000000e+00   5.11827920e+01
  -2.58480000e-02   1.80197646e-02   1.80197646e-02]
207.0 1:[ 0.          0.          0.          0.          0.          0.58533166
  0.58533166]
603.0 1:[ 53.029182    -2.209498     1.          53.038343    -2.171115
   3.80838404   3.80838404]
1227.0 1:[ 53.79823     -1.550118     0.          53.787008    -1.544702
   2.53395172   2.53395172]
493.0 1:[ 55.841495    -3.040347     0.          55.847482    -3.055143
   0.94075599   0.94075599]
263.0 1:[ 51.400717    -0.077137     0.          51.405803    -0.065598
   0.78789867   0.78789867]
