71.0 1:[ 50.811212    -0.776317     0.          50.81138     -0.77269      0.15037183
   0.15037183]
6599.0 1:[  53.010945     -2.184543      0.           51.793792     -1.283857
  114.04833274  114.04833274]
40.0 1:[  5.08113730e+01  -7.72760000e-01   0.00000000e+00   5.08114720e+01
  -7.72878000e-01   7.45645431e-03   7.45645431e-03]
79.0 1:[ 50.811302    -0.772682     0.          50.811505    -0.775598
   0.15782828   0.15782828]
696.0 1:[ 51.441988   -1.0621      1.         51.423275   -0.933972    6.8698799
   6.8698799]
298.0 1:[ 51.420877    -1.015052     0.          51.442637    -1.060715
   1.10914758   1.10914758]
389.0 1:[ 51.464598    -2.13068      0.          51.464467    -2.130742
   1.54037919   1.54037919]
2045.0 1:[ 51.457738   -0.585642    0.         51.472528   -0.859192   22.5271912
  22.5271912]
593.0 1:[ 53.72364    -1.946238    0.         53.724555   -1.887878    4.2793834
   4.2793834]
687.0 1:[ 51.987795    -0.232905     0.          51.977683    -0.229355
   1.09858427   1.09858427]
383.0 1:[ 51.98168     -0.203023     0.          51.982382    -0.201985
   1.96415434   1.96415434]
375.0 1:[ 51.427283    -0.731838     0.          51.418335    -0.753627
   2.07662252   2.07662252]
1997.0 1:[ 51.416663    -0.755788     0.          51.376757    -0.492813
  16.10221308  16.10221308]
552.0 1:[ 51.346372    -0.240985     0.          51.350837    -0.19458      2.65201225
   2.65201225]
2003.0 1:[ 51.418925   -0.777752    0.         51.517693   -0.729342    9.8487334
   9.8487334]
186.0 1:[  5.11075450e+01  -1.04517200e+00   1.00000000e+00   5.11075550e+01
  -1.04524700e+00   3.72822715e-03   3.72822715e-03]
703.0 1:[ 51.473603    -1.049695     0.           0.           0.           5.16980832
   5.16980832]
236.0 1:[ 51.667543    -0.28264      1.          51.668418    -0.28325      0.83760837
   0.83760837]
618.0 1:[ 51.433298    -1.07604      0.          51.485662    -1.083008
   4.76281019   4.76281019]
2646.0 1:[ 53.566013    -0.665885     1.          53.564265    -0.624792
   8.79488785   8.79488785]
827.0 1:[ 53.564245    -0.62479      0.          53.564247    -0.624803
   4.04015549   4.04015549]
442.0 1:[ 51.074098    -1.771735     0.          51.09227     -1.775877
   1.91630876   1.91630876]
1728.0 1:[ 53.999925    -1.445612     0.          54.00841     -1.530062
   6.01114491   6.01114491]
490.0 1:[ 53.038368    -2.171123     0.          53.018898    -2.134787
   2.34691899   2.34691899]
728.0 1:[ 53.302697    -3.543107     0.          53.285377    -3.58639      2.91423089
   2.91423089]
8678.0 1:[  50.120242     -5.215475      0.           50.977567     -3.149103
  126.13773065  126.13773065]
