1282.0 1:[ 50.786545     0.302563     1.          50.889538     0.320507
  11.88745228  11.88745228]
1605.0 1:[ 50.85176      0.537048     0.          50.88958      0.320487
  11.35493717  11.35493717]
1947.0 1:[ 50.889603     0.320435     0.          50.786492     0.268277
  12.55169808  12.55169808]
898.0 1:[ 0.          0.          0.          0.          0.          5.56313628
  5.56313628]
848.0 1:[ 51.475623    -0.86456      0.          51.475447    -0.864562
   5.54822338   5.54822338]
355.0 1:[ 56.407582    -3.481118     1.          56.419085    -3.4758       1.74667442
   1.74667442]
186.0 1:[ 51.760453    -0.339882     0.          51.754822    -0.328833
   0.68537243   0.68537243]
675.0 1:[ 53.725853    -1.942633     1.          53.730867    -1.98142      2.09899189
   2.09899189]
1808.0 1:[ 53.731958    -1.717408     0.          53.71443     -1.878085
   8.05607751   8.05607751]
1681.0 1:[ 51.567225    -3.230998     0.          51.567255    -3.230958
  19.82111966  19.82111966]
511.0 1:[ 51.567367    -3.230747     0.          51.59014     -3.211212
   2.91982323   2.91982323]
1399.0 1:[ 52.043758  -0.355673   1.        52.043172  -0.356725  10.444007
  10.444007]
1232.0 1:[ 52.043942    -0.355822     0.          52.026278    -0.276048
  10.22031337  10.22031337]
327.0 1:[ 51.382565    -0.77282      0.          51.403       -0.748612
   2.29161696   2.29161696]
2611.0 1:[ 51.479322    -1.041943     0.          51.670118    -1.281213
  22.09098863  22.09098863]
745.0 1:[ 52.80818     -0.142472     1.          52.779065    -0.175393
   3.35788992   3.35788992]
1844.0 1:[  0.           0.           0.          52.779163    -0.175463
  19.31159528  19.31159528]
590.0 1:[ 52.810333    -0.139053     1.          52.779102    -0.175267
   3.28953909   3.28953909]
1295.0 1:[ 53.564255    -0.624772     0.          53.564252    -0.624763
   5.51901893   5.51901893]
675.0 1:[ 53.564258    -0.624808     0.          53.564258    -0.624748
   2.28229639   2.28229639]
425.0 1:[ 51.059463   -1.794647    1.         51.07475    -1.786073    2.3015589
   2.3015589]
533.0 1:[ 51.07859     -1.802128     0.          51.0741      -1.771808
   2.03126243   2.03126243]
206.0 1:[ 51.078745   -1.772185    0.         51.077942   -1.772808    0.5996232
   0.5996232]
917.0 1:[ 51.073757    -1.771408     0.          51.073878    -1.771458
   3.15594429   3.15594429]
590.0 1:[ 54.438718   -6.29264     0.         54.481548   -6.224667    4.7280134
   4.7280134]
2610.0 1:[ 51.33061      0.152495     1.          51.131013     0.247422
  24.69329118  24.69329118]
342.0 1:[ 51.874867     0.352967     0.          51.873728     0.345923
   1.48507715   1.48507715]
173.0 1:[ 51.873698     0.346307     0.          51.873725     0.346245
   0.14042989   0.14042989]
70.0 1:[ 52.448567    -1.493717     0.          52.448567    -1.493717
   0.11930327   0.11930327]
170.0 1:[ 53.024695    -2.15475      1.          53.037065    -2.139695
   1.07062256   1.07062256]
823.0 1:[ 55.871197    -3.10223      0.          55.8415      -3.040433
   3.45171697   3.45171697]
648.0 1:[ 53.305015    -3.524407     0.          53.3118      -3.52259      0.86743418
   0.86743418]
1068.0 1:[ 53.666317    -1.514053     0.          53.677057    -1.516578
   3.76240257   3.76240257]
