981.0 1:[ 50.829743   -0.785653    0.         50.828468   -0.787193    0.9836306
   0.9836306]
578.0 1:[ 51.475387    -0.864123     0.          51.454493    -0.892635
   3.89102641   3.89102641]
767.0 1:[ 56.402923    -3.436147     1.          56.398233    -3.470233
   3.03974787   3.03974787]
607.0 1:[ 56.403277    -3.434905     0.          56.398222    -3.470163
   1.78644218   1.78644218]
702.0 1:[ 51.472543    -0.859165     0.          51.4874      -0.868517
   1.67273125   1.67273125]
697.0 1:[ 52.29968     -0.617918     0.          52.326058    -0.611642
   3.09007894   3.09007894]
291.0 1:[ 52.330957    -0.616753     0.          52.330957    -0.616753
   0.49461147   0.49461147]
2056.0 1:[ 51.567078    -3.230807     1.          51.631368    -3.006392
  19.56884296  19.56884296]
1471.0 1:[ 52.043217   -0.356903    0.         51.987878   -0.232907   10.1786815
  10.1786815]
1634.0 1:[ 51.907168    -0.215608     0.          51.98779     -0.23295      8.03805774
   8.03805774]
363.0 1:[ 51.382645    -0.77301      0.          51.402987    -0.748632
   2.30901535   2.30901535]
1041.0 1:[ 51.403148    -0.748682     0.          51.417892    -0.76226      3.56294242
   3.56294242]
537.0 1:[ 51.403078    -0.748733     0.          51.421805    -0.747633
   1.65284737   1.65284737]
519.0 1:[ 53.844972    -1.688492     0.          53.83223     -1.644747
   2.40657063   2.40657063]
589.0 1:[ 51.414983    -0.751145     0.          51.41875     -0.777835
   2.03064106   2.03064106]
782.0 1:[ 53.862442    -2.119835     0.          53.855425    -2.183907
   3.95129941   3.95129941]
3396.0 1:[ 53.613142    -2.187448     0.          53.860387    -2.169663
  28.21149487  28.21149487]
1272.0 1:[ 51.478645    -0.96495      0.          51.460538    -0.988655
   5.38231727   5.38231727]
296.0 1:[ 53.562415    -0.613908     1.          53.564188    -0.624758
   1.60003082   1.60003082]
2989.0 1:[ 53.564218   -0.62483     0.         53.222057   -0.53059    27.2639038
  27.2639038]
2808.0 1:[ 53.222123    -0.530703     0.          53.564277    -0.624807
  27.26328243  27.26328243]
839.0 1:[ 53.993162    -1.496332     0.          54.010612    -1.536915
   3.08697208   3.08697208]
663.0 1:[ 51.405797    -0.065752     1.          51.405853    -0.067465
   1.40057067   1.40057067]
1834.0 1:[ 53.037418    -2.169582     1.          53.026268    -2.172218
   2.87694862   2.87694862]
1539.0 1:[ 53.796597    -1.5362       0.          53.859815    -1.511098
   6.13106955   6.13106955]
831.0 1:[ 55.841447    -3.040412     0.          55.87369     -3.115378
   4.23464468   4.23464468]
2336.0 1:[ 55.871273    -3.102153     0.          55.931627    -3.181812
  10.80875189  10.80875189]
556.0 1:[ 53.317533    -3.491413     0.          53.302762    -3.543173
   2.49666945   2.49666945]
527.0 1:[ 53.316383    -3.490638     0.          53.302693    -3.543172
   2.56999125   2.56999125]
