1314.0 1:[ 50.786522     0.302597     0.          50.88955      0.320493
  11.91852084  11.91852084]
272.0 1:[ 50.866017     0.545153     0.          50.866017     0.545153
   1.46705738   1.46705738]
529.0 1:[ 50.864185    0.256517    0.         50.88957     0.320492    3.7940925
   3.7940925]
244.0 1:[ 50.78152    -0.789943    0.         50.802635   -0.807845    2.2195379
   2.2195379]
7543.0 1:[ 51.510197    -0.08692      0.          50.811362    -0.772732
  81.75567188  81.75567188]
487.0 1:[ 51.343475     1.416678     0.          51.36151      1.436705
   1.85665712   1.85665712]
1418.0 1:[ 51.433907    -1.075942     0.          51.480857    -1.55628     23.15912571
  23.15912571]
527.0 1:[ 51.355187    -0.176935     1.          51.360625    -0.193088
   1.42231866   1.42231866]
645.0 1:[ 52.283552    -0.665562     0.           0.           0.           7.30918933
   7.30918933]
264.0 1:[ 53.73236     -1.717425     0.          53.725057    -1.715655
   0.90968743   0.90968743]
435.0 1:[ 51.987685    -0.232288     0.          51.983735    -0.202285
   1.88648294   1.88648294]
1731.0 1:[ 51.987813    -0.232938     0.          51.949587    -0.276612
  12.34975245  12.34975245]
351.0 1:[ 51.344437    -0.202677     0.          51.350728    -0.194763
   1.25889804   1.25889804]
3129.0 1:[ 51.670062    -1.28137      0.          51.479247    -1.042472
  22.04376442  22.04376442]
6794.0 1:[ 54.546958    -1.287248     0.          53.423675    -1.255255
  86.15622266  86.15622266]
260.0 1:[ 51.710795    -1.255348     1.          51.681982    -1.262203
   2.36742424   2.36742424]
453.0 1:[ 53.70368     -1.77697      0.          53.715882    -1.80166      1.72244094
   1.72244094]
1385.0 1:[ 51.41287     -0.946078     0.          51.334215    -0.7984      12.70393403
  12.70393403]
1069.0 1:[ 51.433403    -1.076028     0.          51.405003    -0.973752
   6.85372425   6.85372425]
676.0 1:[  5.14604870e+01   2.83730000e-02   0.00000000e+00   5.14605350e+01
   2.87570000e-02   5.65447785e-02   5.65447785e-02]
843.0 1:[ 53.564302    -0.62486      0.          53.564253    -0.624798
   1.27816054   1.27816054]
623.0 1:[ 51.074087    -1.771708     0.          51.074065    -1.771187
   1.84920067   1.84920067]
139.0 1:[ 51.062733    -1.776003     0.          51.063333    -1.774785
   0.12613835   0.12613835]
845.0 1:[ 54.572752    -5.994872     0.          54.587197    -5.920168
   4.27379106   4.27379106]
1859.0 1:[  5.12772370e+01  -2.09697000e-01   1.00000000e+00   5.11827450e+01
  -2.58580000e-02   1.39410841e+01   1.39410841e+01]
800.0 1:[ 51.808495     0.137007     0.          51.871723     0.35658      2.57806908
   2.57806908]
35.0 1:[  5.30380150e+01  -2.16937200e+00   0.00000000e+00   5.30383170e+01
  -2.17108700e+00   1.67770222e-02   1.67770222e-02]
519.0 1:[ 51.427742    -0.9786       0.          51.457487    -0.961048
   2.95089179   2.95089179]
778.0 1:[ 52.039062    -0.688692     0.          52.0244      -0.7836       5.04677682
   5.04677682]
1673.0 1:[ 51.906013    -0.41469      0.          52.01378     -0.47214     12.24784757
  12.24784757]
415.0 1:[ 52.028145    -0.499052     0.          52.028023    -0.499182
   1.18868309   1.18868309]
307.0 1:[ 52.022867    -0.497093     0.          52.0229      -0.49741      1.32973435
   1.32973435]
2298.0 1:[ 52.231115    -0.909503     0.          52.231618    -0.911723
  28.54020023  28.54020023]
834.0 1:[ 55.94345     -3.183598     0.          55.935937    -3.179923
   2.09712777   2.09712777]
1573.0 1:[ 55.87139     -3.101995     0.          55.935423    -3.103152
   8.45375507   8.45375507]
433.0 1:[ 51.275977    -0.74819      0.          51.290025    -0.724392
   2.22078064   2.22078064]
