371.0 1:[ 50.88957      0.320492     0.          50.889073     0.32173      0.61080788
   0.61080788]
2151.0 1:[ 50.811487    -0.775668     0.          50.889492    -1.319307
  29.28336018  29.28336018]
867.0 1:[ 51.475512    -0.864067     0.          51.431463    -0.904865
   5.55070886   5.55070886]
1073.0 1:[ 56.398158    -3.47003      1.          56.341125    -3.293533
  11.03555237  11.03555237]
405.0 1:[ 56.398257    -3.470128     0.          56.403278    -3.435057
   1.77712161   1.77712161]
969.0 1:[ 51.750495    -0.22597      0.          51.7603      -0.339887
   6.24291637   6.24291637]
1196.0 1:[ 52.300445   -0.614433    0.         52.33106    -0.616778    3.7207707
   3.7207707]
360.0 1:[ 51.951763    -0.267657     0.          51.984672    -0.206857
   1.78830629   1.78830629]
1179.0 1:[ 52.043345    -0.3568       0.          51.98787     -0.232965
  10.17308916  10.17308916]
420.0 1:[ 51.39332     -0.741107     0.          51.403077    -0.748715
   0.97306729   0.97306729]
435.0 1:[ 51.415528    -0.745092     0.          51.418688    -0.777872
   2.11639028   2.11639028]
1358.0 1:[ 53.848347    -2.195882     0.          53.862373    -2.119853
   6.27957727   6.27957727]
2096.0 1:[ 51.576543    -0.77031      0.          51.53684     -1.024133
  15.86733476  15.86733476]
509.0 1:[ 52.789227    -0.15458      1.          52.808358    -0.14305      3.18328462
   3.18328462]
1385.0 1:[ 52.89616     -1.271032     1.          52.896668    -1.339495
   4.46393065   4.46393065]
563.0 1:[  5.11255220e+01  -1.81650000e-02   1.00000000e+00   5.11304300e+01
  -1.74420000e-02   1.30052991e+00   1.30052991e+00]
300.0 1:[  5.12144820e+01  -5.17350000e-02   0.00000000e+00   5.11827770e+01
  -2.58430000e-02   2.77069415e+00   2.77069415e+00]
330.0 1:[ 51.52106     -0.752755     0.          51.531325    -0.734265
   1.29555894   1.29555894]
2187.0 1:[ 52.022983    -0.4974       0.          51.913943    -0.418732
  12.06578581  12.06578581]
268.0 1:[ 55.92242     -3.263885     0.          55.926603    -3.267468
   0.65865346   0.65865346]
828.0 1:[ 55.968577    -3.141595     0.          55.948248    -3.187857
   3.98485346   3.98485346]
540.0 1:[ 55.908898    -3.20912      0.          55.921268    -3.149203
   3.28394675   3.28394675]
765.0 1:[ 51.249448    -0.206897     0.          51.236673    -0.206737
   1.22534399   1.22534399]
