64.0 1:[ 50.889483     0.320738     0.          50.888583     0.320075
   0.22058677   0.22058677]
3549.0 1:[ 53.136207    -1.331918     0.          53.800365    -1.546082
  55.39772727  55.39772727]
746.0 1:[ 51.475633    -0.86375      0.          51.433558    -0.905433
   5.48173666   5.48173666]
5530.0 1:[ 51.30886     -0.302663     0.          51.433922    -1.076058
  42.01090631  42.01090631]
2882.0 1:[ 53.507662   -2.242178    1.         53.726467   -1.853163   29.1124831
  29.1124831]
344.0 1:[ 51.98761     -0.233078     1.          51.98761     -0.233078
   0.76925754   0.76925754]
2319.0 1:[ 51.987968    -0.232675     0.          52.043917    -0.355893
  10.37689891  10.37689891]
245.0 1:[ 53.85799     -1.69029      0.          53.866908    -1.694683
   0.97120317   0.97120317]
1242.0 1:[ 51.479172    -1.042142     0.          51.466435    -1.08207      6.05091267
   6.05091267]
970.0 1:[ 51.458908    -1.096512     0.          51.433175    -1.077137
   6.58902012   6.58902012]
1146.0 1:[ 51.433322    -1.076022     0.          51.501463    -1.063273
   6.73255687   6.73255687]
9031.0 1:[ 53.81475     -1.932328     0.          54.637437    -2.654248
  87.97870437  87.97870437]
624.0 1:[ 53.716003    -1.801537     0.          53.697622    -1.774942
   2.08035075   2.08035075]
526.0 1:[ 51.074058    -1.771712     0.          51.074043    -1.771767
   2.60975901   2.60975901]
1887.0 1:[ 54.587163    -5.920353     0.          54.572618    -6.007142
   6.00617394   6.00617394]
1908.0 1:[  5.11828170e+01  -2.58400000e-02   0.00000000e+00   5.12772820e+01
  -2.09738000e-01   1.70616102e+01   1.70616102e+01]
1131.0 1:[  5.11252050e+01  -9.82800000e-03   0.00000000e+00   5.11827370e+01
  -2.58080000e-02   5.25182932e+00   5.25182932e+00]
2088.0 1:[ 52.201812    -1.71691      0.          52.379068    -1.467857
  23.14234868  23.14234868]
722.0 1:[ 53.064058    -2.21247      1.          53.037528    -2.169993
   3.03974787   3.03974787]
651.0 1:[ 51.522912    -0.714408     0.          51.52107     -0.752767
   2.05611728   2.05611728]
128.0 1:[ 53.786497    -1.543545     0.          53.78694     -1.544642
   0.09444842   0.09444842]
1170.0 1:[ 55.958635    -3.12237      0.          55.841467    -3.040407
  12.10990317  12.10990317]
586.0 1:[ 55.871325    -3.102262     0.          55.841503    -3.040413
   3.42437664   3.42437664]
683.0 1:[ 55.906875    -3.13283      0.          55.88462     -3.164713
   2.43888193   2.43888193]
640.0 1:[ 51.393995    -0.206733     0.          51.40855     -0.214668
   2.09588503   2.09588503]
127.0 1:[ 53.302418    -3.540253     0.          53.302742    -3.543142
   0.15844965   0.15844965]
767.0 1:[ 51.249347    -0.20703      0.          51.249347    -0.20703      1.18681898
   1.18681898]
