607.0 1:[ 50.848948     0.211848     1.          50.864218     0.256573
   3.10499185   3.10499185]
1695.0 1:[ 50.889563     0.320445     0.          50.889573     0.320492
  14.03428975  14.03428975]
1247.0 1:[ 50.889327     0.320693     0.          50.796692     0.282382
  11.17411815  11.17411815]
296.0 1:[ 50.823573    -0.749893     0.          50.81141     -0.772755
   2.07165155   2.07165155]
622.0 1:[ 51.475375    -0.864197     0.          51.437787    -0.90085      4.36388988
   4.36388988]
918.0 1:[ 51.36697     -0.178673     1.          51.369787    -0.081408
   5.19466317   5.19466317]
545.0 1:[ 51.291538   -0.333415    0.         51.291538   -0.333415    2.4028424
   2.4028424]
1878.0 1:[ 52.043858    -0.355883     0.          51.949348    -0.275358
  12.98355106  12.98355106]
160.0 1:[ 51.402977    -0.837295     0.          51.403477    -0.848125
   0.59900183   0.59900183]
849.0 1:[ 51.35079     -0.19443      0.          51.368055    -0.225045
   2.76448043   2.76448043]
3060.0 1:[ 53.80802     -2.224553     0.          53.862372    -2.119803
  17.08895053  17.08895053]
2251.0 1:[ 51.555313    -0.610747     0.          51.637943    -0.468492
  16.57818341  16.57818341]
658.0 1:[ 51.460692    -0.994305     0.          51.47108     -1.029628
   3.22615923   3.22615923]
514.0 1:[ 51.461487    -1.013357     0.          51.470245    -1.028307
   2.51655333   2.51655333]
344.0 1:[ 51.672988    -0.276278     0.          51.672772    -0.276553
   1.03147618   1.03147618]
2479.0 1:[ 51.334247    -0.798408     0.          51.433307    -1.075893
  21.83125547  21.83125547]
1246.0 1:[ 52.896693   -1.339488    1.         52.917502   -1.443302    7.3682196
   7.3682196]
813.0 1:[ 53.995348    -1.535192     0.          53.993143    -1.496332
   2.46187266   2.46187266]
2030.0 1:[ 51.78459     0.127467    0.         51.830367    0.191338   21.2869343
  21.2869343]
1020.0 1:[ 53.063945    -2.212333     1.          53.06398     -2.212838
   0.66983815   0.66983815]
1181.0 1:[ 53.047898    -2.16312      1.          53.13154     -2.1608       7.31043208
   7.31043208]
538.0 1:[ 53.01883     -2.134732     0.          53.03752     -2.169933
   2.31895729   2.31895729]
242.0 1:[ 52.011002    -0.500007     0.          52.011002    -0.500007
   1.50931063   1.50931063]
348.0 1:[ 55.954648    -3.140978     0.          55.94678     -3.14138      0.91776525
   0.91776525]
1460.0 1:[ 55.974398    -3.18569      0.          55.946407    -3.058395
   6.17705102   6.17705102]
321.0 1:[ 53.666265    -1.514407     0.          53.666672    -1.514385
   1.34713274   1.34713274]
