700.0 1:[ 50.841248    -0.774898     0.          50.802598    -0.808162
   5.52585401   5.52585401]
3037.0 1:[ 51.221215     1.402577     0.          51.361468     1.43668     15.65917542
  15.65917542]
299.0 1:[ 51.360637     1.412888     0.          51.360213     1.412442
   1.36018154   1.36018154]
757.0 1:[ 52.331023    -0.616768     0.          52.291072    -0.667503
   6.56043705   6.56043705]
425.0 1:[ 53.724965    -1.715545     0.          53.732082    -1.717613
   0.78106359   0.78106359]
59.0 1:[  5.15671600e+01  -3.23114800e+00   1.00000000e+00   5.15672270e+01
  -3.23099700e+00   8.69919669e-03   8.69919669e-03]
355.0 1:[ 52.008412    -0.24087      0.          51.980488    -0.225225
   1.04017538   1.04017538]
1504.0 1:[ 51.403223    -0.748658     0.          51.402978    -0.748627
   5.83219001   5.83219001]
301.0 1:[ 51.39317     -0.740578     0.          51.40317     -0.748677
   0.99543665   0.99543665]
509.0 1:[ 51.427105    -0.731935     0.          51.418902    -0.732558
   1.20297463   1.20297463]
263.0 1:[ 51.383685    -0.123527     0.          51.376415    -0.118185
   0.70401356   0.70401356]
511.0 1:[ 53.857888    -1.68777      1.          53.8449      -1.688428
   2.09029269   2.09029269]
627.0 1:[ 51.561313     0.076735     0.          51.569342     0.122153
   1.44220254   1.44220254]
998.0 1:[ 51.414755   -0.7461      0.         51.426842   -0.732503    4.9200171
   4.9200171]
2688.0 1:[ 51.433892    -1.07572      0.          51.555018    -0.611133
  25.84407063  25.84407063]
2304.0 1:[ 51.536812    -1.024143     0.          51.433372    -1.075987
  14.59165971  14.59165971]
607.0 1:[ 53.564292    -0.624767     0.          53.564272    -0.624792
   3.09380717   3.09380717]
523.0 1:[ 51.074062    -1.771773     0.          51.07861     -1.802143
   2.09339955   2.09339955]
190.0 1:[  5.11827720e+01  -2.58700000e-02   0.00000000e+00   5.11762080e+01
  -2.35650000e-02   5.75389724e-01   5.75389724e-01]
347.0 1:[ 51.130557     0.246483     1.          51.130975     0.247463
   1.23093633   1.23093633]
7433.0 1:[  55.100597     -1.590738      0.           53.80077      -1.547695
  110.77992027  110.77992027]
148.0 1:[ 53.038348    -2.17116      0.          53.037568    -2.169913
   0.39022111   0.39022111]
855.0 1:[ 55.907802    -3.145885     1.          55.871323    -3.10219      3.75805297
   3.75805297]
854.0 1:[ 55.895797    -3.099323     0.          55.841457    -3.040418
   5.11450628   5.11450628]
209.0 1:[ 55.847948    -3.053862     0.          55.841415    -3.040458
   0.78354907   0.78354907]
437.0 1:[ 51.250488    -0.76965      0.          51.276007    -0.748198
   3.04906844   3.04906844]
351.0 1:[ 51.275952    -0.748325     0.          51.286792    -0.725695
   1.89083254   1.89083254]
1659.0 1:[ 53.324983    -3.830995     0.          53.30271     -3.543193
  15.32984868  15.32984868]
516.0 1:[ 51.260367    -0.064623     0.          51.236765    -0.206137
   1.30612225   1.30612225]
612.0 1:[ 50.12351     -5.208257     0.          50.120272    -5.215457
   1.59257437   1.59257437]
329.0 1:[ 53.666523    -1.514167     0.          53.667825    -1.513078
   1.41237672   1.41237672]
