447.0 1:[ 51.36151      1.436705     0.          51.34338      1.417357
   2.40532789   2.40532789]
432.0 1:[ 51.36716     -0.17855      1.          51.348212    -0.163547
   1.92376521   1.92376521]
299.0 1:[ 51.49062     -0.871647     0.          51.472525    -0.859162
   1.64725503   1.64725503]
151.0 1:[ 52.331105    -0.616797     0.          52.326082    -0.611638
   0.48777639   0.48777639]
1005.0 1:[ 51.567213    -3.231173     1.          51.56723     -3.230957
   4.12093375   4.12093375]
436.0 1:[ 51.889417    -0.195038     0.          51.983363    -0.200937
   1.35272509   1.35272509]
3658.0 1:[ 51.350927    -0.195128     1.          51.575102     0.312875
  44.30749423  44.30749423]
1314.0 1:[ 53.82495     -1.778903     0.          53.844803    -1.688507
   6.18077925   6.18077925]
1313.0 1:[ 53.84457    -1.687733    0.         53.869503   -1.702557    4.5403593
   4.5403593]
221.0 1:[ 53.632618   -2.334228    0.         53.631038   -2.328313    0.5132526
   0.5132526]
712.0 1:[ 51.555075    -0.611055     0.          51.556457    -0.617288
   0.44987274   0.44987274]
1649.0 1:[ 51.460758    -0.994422     0.          51.460722    -0.994362
   6.59585521   6.59585521]
554.0 1:[ 53.715923    -1.801618     0.          53.698107    -1.776227
   2.14870158   2.14870158]
287.0 1:[ 51.074032    -1.771683     0.          51.073968    -1.771595
   0.96809632   0.96809632]
432.0 1:[ 52.897423    -1.317845     1.          52.897757    -1.313545
   2.18660523   2.18660523]
996.0 1:[ 54.008405    -1.529892     0.          53.978232    -1.521717
   3.02483496   3.02483496]
677.0 1:[  5.11827730e+01  -2.57650000e-02   1.00000000e+00   5.11239350e+01
  -7.15000000e-03   4.54657301e+00   4.54657301e+00]
159.0 1:[  5.11744620e+01  -1.76820000e-02   0.00000000e+00   5.11763500e+01
  -2.36430000e-02   3.82143283e-01   3.82143283e-01]
770.0 1:[ 53.003068    -2.184        1.          53.037485    -2.169613
   3.63315736   3.63315736]
1098.0 1:[ 51.243007    -0.097847     0.          51.24934     -0.207062
   4.76964527   4.76964527]
