1334.0 1:[ 50.870482     0.594948     0.          50.844733     0.504697
   6.76673228   6.76673228]
2154.0 1:[ 51.602628    -2.923033     0.          51.511758    -2.159603
  36.49623698  36.49623698]
989.0 1:[ 51.43411     -0.902753     1.          51.43939     -1.074572
   8.64016643   8.64016643]
104.0 1:[ 51.442628    -1.06061      0.          51.442625    -1.060473
   0.08512785   0.08512785]
201.0 1:[ 52.32485     -0.614168     0.          52.326267    -0.61168      0.32249165
   0.32249165]
526.0 1:[ 52.293075    -0.68574      0.          52.29959     -0.618037
   4.13584666   4.13584666]
1677.0 1:[ 51.63286     -3.018343     1.          51.567192    -3.230948
  20.98184105  20.98184105]
750.0 1:[ 51.946575    -0.277432     0.          51.946745    -0.277147
   3.94446433   3.94446433]
1973.0 1:[ 51.403063    -0.847503     0.          51.403238    -0.748705
   5.92166746   5.92166746]
307.0 1:[ 51.409295   -0.832585    0.         51.409575   -0.832045    1.1948968
   1.1948968]
240.0 1:[  0.           0.           0.          51.565912     0.176808
   0.93702776   0.93702776]
1234.0 1:[ 51.517827    -0.729065     0.          51.426937    -0.732137
   8.19712877   8.19712877]
25.0 1:[  5.36909350e+01  -2.32693700e+00   1.00000000e+00   5.36907200e+01
  -2.32721300e+00   8.69919669e-03   8.69919669e-03]
2825.0 1:[ 53.862377    -2.119415     0.          53.878003    -2.381172
  19.18483556  19.18483556]
901.0 1:[ 51.107677    -1.044887     1.          51.189255    -0.876892
   9.45975503   9.45975503]
1347.0 1:[ 51.478715    -0.96524      0.          51.436192    -1.076263
   6.26031476   6.26031476]
1711.0 1:[ 51.536848    -1.024113     0.          51.433348    -1.07593     11.36487911
  11.36487911]
725.0 1:[ 53.715925    -1.801712     0.          53.698478    -1.777382
   1.97533902   1.97533902]
1880.0 1:[  5.14402230e+01   2.74188000e-01   0.00000000e+00   5.11827530e+01
  -2.58070000e-02   2.98419729e+01   2.98419729e+01]
2615.0 1:[ 51.677875     0.123388     0.          51.640832     0.084388
  34.57992822  34.57992822]
3777.0 1:[ 55.100727    -1.590755     0.          54.568312    -1.164487
  49.03115804  49.03115804]
761.0 1:[ 53.037538    -2.169523     1.          53.03131     -2.19357      1.97906725
   1.97906725]
3347.0 1:[ 53.03717     -2.139708     0.          52.937433    -2.661217
  27.95362583  27.95362583]
1327.0 1:[ 51.23528     -0.170057     0.          51.236637    -0.207358
   2.10023463   2.10023463]
