422.0 1:[ 51.361463    1.436842    0.         51.35978     1.435765    2.4351537
   2.4351537]
3981.0 1:[ 51.46038     -3.167773     0.          51.511853    -2.159155
  53.75979281  53.75979281]
2141.0 1:[ 51.69865     -0.426145     0.          51.637922    -0.468493
   6.10124374   6.10124374]
1644.0 1:[ 51.637842   -0.468302    0.         51.698547   -0.426183    6.5076205
   6.5076205]
803.0 1:[ 56.39401     -3.429598     0.          56.398288    -3.470205
   1.87405552   1.87405552]
1538.0 1:[ 51.63836     -0.468517     0.          51.721088    -0.36378     10.37752028
  10.37752028]
47.0 1:[ 51.58554     -3.223673     1.          51.585892    -3.222397
   0.08823471   0.08823471]
1366.0 1:[ 51.988022   -0.232403    0.         52.04396    -0.355792   10.4763183
  10.4763183]
1696.0 1:[ 51.107562    -1.045285     1.          51.111432    -1.044098
   0.83077328   0.83077328]
76.0 1:[  5.14591850e+01  -9.99092000e-01   0.00000000e+00   5.14592000e+01
  -9.99250000e-01   8.07782550e-03   8.07782550e-03]
949.0 1:[ 51.43344     -1.075725     0.          51.433427    -1.076027
   6.59088424   6.59088424]
491.0 1:[ 51.479245   -1.042412    0.         51.461023   -1.013617    2.3941432
   2.3941432]
237.0 1:[ 51.672977   -0.276365    0.         51.671737   -0.276988    1.0439036
   1.0439036]
803.0 1:[ 53.69806     -1.776167     0.          53.715897    -1.801638
   1.81937485   1.81937485]
1079.0 1:[ 53.697707    -1.775022     0.          53.706238    -1.787408
   3.12052613   3.12052613]
2552.0 1:[ 53.564293    -0.624783     0.          53.222073    -0.530615
  27.20549491  27.20549491]
2724.0 1:[ 53.7965      -1.5368       0.          53.859825    -1.511185
   6.30505349   6.30505349]
831.0 1:[ 55.972403    -3.238663     0.          55.969345    -3.230872
   3.44363915   3.44363915]
3212.0 1:[ 55.944933    -3.18403      0.          55.841473    -3.040402
  14.00881353  14.00881353]
162.0 1:[ 51.408572    -0.214712     0.          51.40938     -0.212377
   0.16155651   0.16155651]
1252.0 1:[ 51.276257    -0.748513     0.          51.362765    -0.688702
   7.72550803   7.72550803]
365.0 1:[ 53.6653      -1.505122     0.          53.665262    -1.505115
   1.14642985   1.14642985]
