937.0 1:[ 51.434228    -0.902912     0.          51.4394      -1.074652
   8.64575877   8.64575877]
863.0 1:[ 51.638023    -0.468553     0.          51.69859     -0.426177
   7.32099539   7.32099539]
1769.0 1:[ 56.398268    -3.470195     1.          56.494832    -2.983183
  25.22953452  25.22953452]
1212.0 1:[ 51.760388    -0.339533     0.          51.850332    -0.397553
   8.87007377   8.87007377]
778.0 1:[  0.           0.           0.          52.29108     -0.667458
   6.53931043   6.53931043]
1987.0 1:[ 53.726137    -1.85645      0.          53.732078    -1.717613
   6.71640122   6.71640122]
596.0 1:[ 50.852735     0.460355     1.          50.840145     0.476052
   1.97658176   1.97658176]
54.0 1:[  5.15628720e+01  -4.95077000e-01   1.00000000e+00   5.15633100e+01
  -4.94480000e-01   1.86411358e-02   1.86411358e-02]
339.0 1:[ 51.40281     -0.748227     0.          51.403173    -0.748608
   1.62302155   1.62302155]
2371.0 1:[ 51.293103    -1.069012     0.          51.40315     -0.748688
  19.93048099  19.93048099]
2368.0 1:[ 53.631037   -2.328213    1.         53.78157    -2.237022   17.8122266
  17.8122266]
941.0 1:[ 53.808015    -2.224578     0.          53.784408    -2.257633
   2.45193072   2.45193072]
4031.0 1:[ 51.554902    -0.610988     0.          51.433792    -1.075688
  26.60152211  26.60152211]
1444.0 1:[ 51.638352    -0.465617     0.          51.572918    -0.499812
   6.59647658   6.59647658]
1675.0 1:[ 52.578337   -0.221198    0.         52.77905    -0.175287   20.6680486
  20.6680486]
577.0 1:[ 52.779638    -0.17545      0.          52.7876      -0.152858
   1.26946135   1.26946135]
573.0 1:[ 53.715972    -1.801627     0.          53.757177    -1.805965
   3.52317466   3.52317466]
3688.0 1:[ 53.222052    -0.530588     0.          53.564258    -0.624797
  27.20238805  27.20238805]
802.0 1:[ 51.085462    -1.835112     0.          51.085497    -1.835043
   2.65822596   2.65822596]
555.0 1:[ 51.07404     -1.771697     0.          51.07404     -1.771697
   3.78477193   3.78477193]
842.0 1:[  5.11530000e+01  -4.94500000e-02   0.00000000e+00   5.11827300e+01
  -2.58650000e-02   3.02172811e+00   3.02172811e+00]
686.0 1:[  5.14060650e+01  -6.60430000e-02   0.00000000e+00   5.13981500e+01
  -4.81150000e-02   1.61432236e+00   1.61432236e+00]
1009.0 1:[ 52.324115    -1.558973     0.          52.324385    -1.55878     11.36674322
  11.36674322]
762.0 1:[ 53.018868    -2.134825     1.          53.03712     -2.13966      2.33449157
   2.33449157]
680.0 1:[ 51.304257    -0.72366      0.          51.275978    -0.748187
   3.55300048   3.55300048]
457.0 1:[ 51.250333    -0.76981      0.          51.275957    -0.748202
   3.04099061   3.04099061]
1560.0 1:[ 53.302758    -3.542635     0.          53.324758    -3.833615
  15.60698024  15.60698024]
954.0 1:[ 51.408888    -0.094702     1.          51.409212    -0.094363
   2.58117593   2.58117593]
