697.0 1:[ 50.824253    -0.74972      0.          50.826582    -0.77692      2.50350453
   2.50350453]
335.0 1:[ 50.835755    -0.776683     0.          50.8369      -0.782128
   1.19800366   1.19800366]
1146.0 1:[ 51.423048    -0.934047     1.          51.427097    -0.936643
   7.56084467   7.56084467]
594.0 1:[ 56.448433    -3.46832      1.          56.398268    -3.470195
   4.29305357   4.29305357]
258.0 1:[ 51.9496      -0.276297     0.          51.945778    -0.278435
   0.63939096   0.63939096]
105.0 1:[ 51.406517   -0.845942    0.         51.404543   -0.84671     0.1833045
   0.1833045]
555.0 1:[ 51.426642   -0.732245    0.         51.418785   -0.777877    3.1665076
   3.1665076]
2936.0 1:[ 53.862343    -2.119855     0.          53.623948    -2.17698     26.74070926
  26.74070926]
35.0 1:[ 53.423205    -1.256138     0.           0.           0.           0.05716615
   0.05716615]
1388.0 1:[ 51.536778    -1.024098     0.          51.519398    -0.870188
  10.26815895  10.26815895]
736.0 1:[ 52.779638    -0.17545      0.          52.779638    -0.17545      1.85168615
   1.85168615]
2695.0 1:[ 53.564283    -0.624772     1.          53.239465    -0.514417
  26.29705023  26.29705023]
1022.0 1:[ 53.564245    -0.62485      0.          53.572465    -0.651263
   6.58467052   6.58467052]
909.0 1:[ 53.564278    -0.624865     0.          53.56425     -0.62481      3.73630498
   3.73630498]
662.0 1:[ 51.083947    -1.781793     0.          51.06251     -1.773988
   2.28788873   2.28788873]
1206.0 1:[  5.11255370e+01  -1.80280000e-02   0.00000000e+00   5.11826750e+01
  -2.58770000e-02   4.58261254e+00   4.58261254e+00]
2732.0 1:[  5.15814620e+01   4.11650000e-02   0.00000000e+00   5.17845900e+01
   1.27467000e-01   2.24451702e+01   2.24451702e+01]
664.0 1:[ 53.024145    -2.205993     1.          53.06415     -2.21252      2.96021236
   2.96021236]
1501.0 1:[ 51.906093    -0.414588     0.          51.972823    -0.430203
  12.26835282  12.26835282]
278.0 1:[ 52.022802    -0.497122     0.          52.022782    -0.497467
   1.28375288   1.28375288]
903.0 1:[ 55.93806     -3.104887     0.          55.841485    -3.040405
  10.53783405  10.53783405]
944.0 1:[ 55.960838    -3.131633     0.          55.933972    -3.144598
   3.75121789   3.75121789]
514.0 1:[ 51.408862    -0.094608     1.          51.3959      -0.107725
   1.76531556   1.76531556]
877.0 1:[ 51.380532    -0.104782     1.          51.400242    -0.092565
   2.84153046   2.84153046]
