331.0 1:[ 51.423092    -1.037587     0.          51.433932    -1.075923
   3.11928339   3.11928339]
689.0 1:[ 56.398688    -3.469943     0.          56.405768    -3.45326      1.57517597
   1.57517597]
1150.0 1:[ 51.468838    -0.900762     0.          51.47252     -0.85915      4.77150939
   4.77150939]
550.0 1:[ 52.290947    -0.66737      0.           0.           0.           5.76383918
   5.76383918]
67.0 1:[ 51.848668    -2.178728     1.          51.848425    -2.1795       0.11371093
   0.11371093]
1147.0 1:[ 51.40322    -0.748658    0.         51.403218   -0.748748    4.4583383
   4.4583383]
723.0 1:[ 51.415068    -0.746245     0.          51.418767    -0.777878
   2.34940448   2.34940448]
1311.0 1:[ 51.51765    -0.729723    0.         51.418782   -0.777845   13.3277907
  13.3277907]
148.0 1:[ 53.808085    -2.224615     0.          53.811768    -2.226265
   0.32808399   0.32808399]
2091.0 1:[ 51.654412   -0.277232    0.         51.654412   -0.277232    8.2157699
   8.2157699]
366.0 1:[ 51.074492    -1.771498     0.          51.074605    -1.772722
   1.43412471   1.43412471]
2795.0 1:[  5.12773970e+01  -2.09463000e-01   0.00000000e+00   5.11827680e+01
  -2.57730000e-02   1.61084268e+01   1.61084268e+01]
360.0 1:[ 53.018943    -2.13474      0.          53.001165    -2.127183
   2.23072258   2.23072258]
1673.0 1:[ 53.796977    -1.537033     0.          53.859827    -1.511093
   6.26963533   6.26963533]
1237.0 1:[ 51.882717    -0.418783     1.          51.882717    -0.418783
   3.92644456   3.92644456]
1935.0 1:[ 55.926918   -3.249418    0.         55.84144    -3.040362   15.4373459
  15.4373459]
930.0 1:[ 51.408053    -0.094202     1.          51.380567    -0.10484      2.78374294
   2.78374294]
