1636.0 1:[  5.08767300e+01   1.74030000e-02   0.00000000e+00   5.08895880e+01
   3.20488000e-01   1.45668049e+01   1.45668049e+01]
393.0 1:[ 50.82841     -0.787142     0.          50.84136     -0.774282
   2.07910801   2.07910801]
560.0 1:[ 50.832778    -0.736905     0.          50.81137     -0.772765
   3.65241987   3.65241987]
1204.0 1:[ 51.352962    -0.187108     1.          51.359327    -0.167982
   2.69364412   2.69364412]
1749.0 1:[ 51.567133    -3.230382     1.          51.631602    -3.006392
  20.18400044  20.18400044]
612.0 1:[ 51.591123    -3.197857     1.          51.567245    -3.230988
   2.82848167   2.82848167]
607.0 1:[ 51.58564     -3.223375     0.          51.567282    -3.230967
   2.66195419   2.66195419]
639.0 1:[ 51.369543    -0.79323      0.          51.408147    -0.726123
   4.90137596   4.90137596]
830.0 1:[ 51.414278    -0.757975     0.          51.403105    -0.748675
   2.43204685   2.43204685]
870.0 1:[ 53.83232     -1.644947     0.          53.844808    -1.688503
   2.31895729   2.31895729]
531.0 1:[ 53.823515    -2.23807      1.          53.80799     -2.224575
   1.60438042   1.60438042]
884.0 1:[ 54.579673    -1.304078     0.          54.579657    -1.304098
   3.04906844   3.04906844]
572.0 1:[ 51.479227    -1.042122     0.          51.483598    -1.085615
   2.18536248   2.18536248]
1387.0 1:[ 51.544522    -1.040818     0.          51.433325    -1.07607     10.25262467
  10.25262467]
810.0 1:[ 53.891603    -1.68827      0.          53.863612    -1.672958
   4.16256562   4.16256562]
429.0 1:[ 51.062682   -1.774468    0.         51.074038   -1.771787    2.1052056
   2.1052056]
313.0 1:[ 51.074023    -1.771548     0.          51.067413    -1.784593
   1.32600612   1.32600612]
440.0 1:[ 51.074098    -1.77175      0.          51.092407    -1.77608      1.92252247
   1.92252247]
840.0 1:[ 51.07421    -1.771592    0.         51.103127   -1.78198     5.5650004
   5.5650004]
340.0 1:[ 51.872972     0.35701      0.          51.872972     0.35701      1.50620377
   1.50620377]
963.0 1:[ 53.029333    -2.17621      1.          53.018928    -2.134802
   3.13419629   3.13419629]
717.0 1:[ 52.043433    -0.75254      0.          52.039078    -0.68854      3.49148473
   3.49148473]
1372.0 1:[ 55.871213    -3.10224      0.          55.958737    -3.122695
   6.96619244   6.96619244]
1175.0 1:[ 55.958652    -3.122353     0.          55.841482    -3.040367
  12.10555357  12.10555357]
264.0 1:[ 53.667557    -1.524627     0.          53.667557    -1.524627
   1.18992583   1.18992583]
