1678.0 1:[ 50.889595     0.320448     1.          50.767803     0.283038
  11.73770182  11.73770182]
840.0 1:[ 50.811183    -0.772723     0.          50.8375      -0.667643
   7.74104231   7.74104231]
7015.0 1:[  50.811345     -0.772763      0.           51.85058      -1.228568
  110.55684801  110.55684801]
1444.0 1:[ 51.698417    -0.42611      0.          51.748483    -0.45278      6.73814921
   6.73814921]
196.0 1:[ 52.326102    -0.61169      0.          52.331007    -0.616732
   0.49026187   0.49026187]
506.0 1:[ 52.290945    -0.667377     0.          52.331008    -0.616745
   5.75762547   5.75762547]
290.0 1:[ 53.730833    -1.981458     1.          53.723615    -1.946178
   1.64290543   1.64290543]
5336.0 1:[ 51.511287    -1.768742     0.          51.567228    -3.23097     77.26067267
  77.26067267]
1305.0 1:[ 51.987732    -0.232383     0.          52.04395     -0.355715
  10.40175376  10.40175376]
323.0 1:[ 51.402957   -0.748382    0.         51.408492   -0.74856     2.0728943
   2.0728943]
1492.0 1:[ 53.862362    -2.119755     0.          53.909437    -2.178833
   5.98939692   5.98939692]
2016.0 1:[ 51.536782    -1.024118     0.          51.536823    -1.02415     13.67140897
  13.67140897]
292.0 1:[  5.45650830e+01  -5.97925200e+00   0.00000000e+00   5.45651200e+01
  -5.97939000e+00   4.22532411e-02   4.22532411e-02]
1765.0 1:[  5.11466750e+01  -1.80233000e-01   0.00000000e+00   5.11278270e+01
  -1.26500000e-02   1.36894287e+01   1.36894287e+01]
405.0 1:[  5.14057070e+01  -6.55730000e-02   1.00000000e+00   5.13988580e+01
  -4.10800000e-02   1.60438042e+00   1.60438042e+00]
343.0 1:[ 51.130968     0.247593     1.          51.127752     0.251737
   1.93743538   1.93743538]
921.0 1:[ 51.487527    -0.636735     0.          51.533505    -0.750435
   7.50243578   7.50243578]
433.0 1:[  5.37864500e+01  -1.54377500e+00   0.00000000e+00   5.37865270e+01
  -1.54393700e+00   1.86411358e-02   1.86411358e-02]
912.0 1:[ 55.841497    -3.040365     0.          55.871282    -3.102202
   4.78890778   4.78890778]
1078.0 1:[ 51.40854     -0.214815     0.          51.414795    -0.183092
   2.75764535   2.75764535]
716.0 1:[ 51.275018    -0.722638     1.          51.276213    -0.73356      0.98114511
   0.98114511]
281.0 1:[ 51.357688    -0.696002     0.          51.346708    -0.712882
   1.19116858   1.19116858]
362.0 1:[ 51.292807    -0.731832     0.          51.314275    -0.741673
   1.99025193   1.99025193]
