469.0 1:[ 50.811427    -0.772477     0.          50.82407     -0.749737
   2.13813827   2.13813827]
596.0 1:[ 51.439418    -1.074657     0.          51.457512    -1.044407
   2.87570588   2.87570588]
970.0 1:[ 51.367127    -0.178705     1.          51.348217    -0.163505
   1.93619264   1.93619264]
216.0 1:[ 51.760328    -0.339642     0.          51.756418    -0.348603
   1.05881651   1.05881651]
529.0 1:[ 51.458298    -0.893387     0.          51.472512    -0.8592       3.61638034
   3.61638034]
1374.0 1:[ 51.562728    -1.795675     1.          51.511445    -1.768812
   9.69214786   9.69214786]
652.0 1:[ 51.987802    -0.23297      0.          51.98064     -0.22528      1.02774795
   1.02774795]
2040.0 1:[ 51.551092    -0.534065     0.          51.403158    -0.748702
  18.99656009  18.99656009]
362.0 1:[ 53.847172    -1.689615     0.          53.844922    -1.68861      0.54245705
   0.54245705]
1918.0 1:[ 51.570463     0.123763     0.          51.571838     0.136193
   5.27047045   5.27047045]
1430.0 1:[ 51.419057    -0.777457     0.          51.517767    -0.728902
   9.89036527   9.89036527]
1809.0 1:[ 53.690618    -2.327103     1.          53.862347    -2.11982     18.78653663
  18.78653663]
575.0 1:[ 51.539832    -0.571767     0.          51.555032    -0.611352
   4.33095721   4.33095721]
1239.0 1:[ 51.536777   -1.023978    0.         51.526798   -0.89325     8.0821751
   8.0821751]
1735.0 1:[ 53.562588    -0.613848     0.          53.589625    -0.692882
   6.53868906   6.53868906]
848.0 1:[ 51.074118    -1.771558     0.          51.073992    -1.829698
   3.18328462   3.18328462]
718.0 1:[ 51.040705    -1.722875     0.          51.040768    -1.722557
   4.17561441   4.17561441]
255.0 1:[ 54.573965    -5.987273     0.          54.57267     -6.007157
   0.89974549   0.89974549]
738.0 1:[  5.11828300e+01  -2.60170000e-02   1.00000000e+00   5.12583130e+01
  -4.14000000e-03   7.14825420e+00   7.14825420e+00]
134.0 1:[  5.11762020e+01  -2.36230000e-02   0.00000000e+00   5.11827650e+01
  -2.58930000e-02   5.87195777e-01   5.87195777e-01]
319.0 1:[ 53.028648    -2.173878     1.          53.024618    -2.154913
   1.41113398   1.41113398]
669.0 1:[ 53.037558   -2.169655    1.         53.00343    -2.131002    4.0960789
   4.0960789]
65.0 1:[  5.27665520e+01  -1.20456200e+00   0.00000000e+00   5.27664680e+01
  -1.20444800e+00   1.42915374e-02   1.42915374e-02]
361.0 1:[ 55.871242    -3.102322     1.          55.884498    -3.114445
   1.30115128   1.30115128]
1178.0 1:[ 55.841467    -3.040433     0.          55.958455    -3.12255     12.03223177
  12.03223177]
965.0 1:[ 55.907763    -3.145877     0.          55.870927    -3.100147
   3.77607274   3.77607274]
655.0 1:[ 51.393985    -0.20677      0.          51.4085      -0.214703
   2.06978744   2.06978744]
1259.0 1:[ 51.35769     -0.696107     0.          51.275977    -0.74819      8.44070628
   8.44070628]
712.0 1:[ 53.303007    -3.542688     0.          53.302727    -3.543125
   1.94302772   1.94302772]
878.0 1:[ 53.666162    -1.514392     0.          53.666315    -1.51436      3.99665951
   3.99665951]
