1031.0 1:[ 50.795007     0.323637     1.          50.86122      0.244967
   7.94050247   7.94050247]
782.0 1:[ 51.43429     -0.902592     0.          51.471267    -0.861702
   5.40220115   5.40220115]
4395.0 1:[ 52.447177    -1.715982     0.          51.434155    -0.902895
  48.65336435  48.65336435]
973.0 1:[ 51.4726      -0.859062     0.          51.472573    -0.859165
   3.69715859   3.69715859]
2040.0 1:[ 53.73215    -1.717507    1.         53.72361    -1.946218   11.3046061
  11.3046061]
203.0 1:[ 53.735667    -1.721142     0.          53.732028    -1.717573
   0.60583691   0.60583691]
470.0 1:[ 51.981495    -0.202918     0.          51.987837    -0.23287      2.02629146
   2.02629146]
1486.0 1:[ 51.366905    -0.26347      0.          51.350782    -0.194537
   8.05421339   8.05421339]
927.0 1:[ 51.570762     0.098022     0.          51.569277     0.121463
   1.28375288   1.28375288]
1204.0 1:[ 51.418843    -0.777527     0.          51.51807     -0.72791      9.83071363
   9.83071363]
27.0 1:[  5.36909230e+01  -2.32686700e+00   1.00000000e+00   5.36907100e+01
  -2.32718200e+00   1.49129086e-02   1.49129086e-02]
1165.0 1:[ 51.107542    -0.739797     1.          51.292595    -0.49001     17.63265032
  17.63265032]
777.0 1:[ 51.479362    -1.042582     0.          51.476333    -0.967307
   5.23753778   5.23753778]
1663.0 1:[ 53.83678     -1.745707     0.          53.925625    -1.823385
  11.83401436  11.83401436]
1690.0 1:[ 51.433315    -1.075802     0.          51.412765    -0.946393
  12.39573391  12.39573391]
321.0 1:[ 53.568018    -0.643655     1.          53.564248    -0.624743
   1.02588384   1.02588384]
359.0 1:[ 53.565975    -0.624447     1.          53.567783    -0.646707
   1.00040762   1.00040762]
494.0 1:[ 53.59009    -0.638095    0.         53.56424    -0.624747    2.5215243
   2.5215243]
1650.0 1:[ 54.354072    -6.254375     0.          54.57263     -6.007125
  22.47188917  22.47188917]
1043.0 1:[ 51.874885    0.352823    0.         51.867818    0.514598   11.6712151
  11.6712151]
600.0 1:[ 51.841715     0.191408     0.          51.841715     0.191408
  10.71057524  10.71057524]
679.0 1:[ 51.633743    -0.132663     0.          51.633743    -0.132663
   9.58900024   9.58900024]
747.0 1:[ 51.456222   -0.9688      0.         51.427685   -0.97859     3.4100851
   3.4100851]
396.0 1:[ 51.289982    -0.724282     1.          51.26631     -0.720653
   2.08035075   2.08035075]
118.0 1:[  5.00522230e+01  -5.08976000e+00   0.00000000e+00   5.00523380e+01
  -5.09037700e+00   2.36121053e-02   2.36121053e-02]
