261.0 1:[ 50.811353   -0.772777    0.         50.82841    -0.787142    2.1915762
   2.1915762]
54.0 1:[ 50.811315    -0.77567      0.          50.811362    -0.77277      0.12365287
   0.12365287]
580.0 1:[ 50.81132     -0.772428     0.          50.841372    -0.774953
   3.38709437   3.38709437]
12202.0 1:[  51.292927    -0.489873     0.          53.136083    -1.331872
  153.2885449  153.2885449]
7770.0 1:[  51.434262     -0.903052      0.           51.751227     -3.380735
  125.02299073  125.02299073]
900.0 1:[ 51.43423    -0.902422    0.         51.43376    -0.90319     5.4183568
   5.4183568]
355.0 1:[ 51.701602    -0.433672     0.          51.712203    -0.450498
   1.47637795   1.47637795]
206.0 1:[ 51.637702    -0.468555     0.          51.640367    -0.471873
   0.44055218   0.44055218]
233.0 1:[ 51.687627    -0.432908     0.          51.69857     -0.4262       1.17439155
   1.17439155]
109.0 1:[  5.59478620e+01  -3.36342700e+00   0.00000000e+00   5.59478480e+01
  -3.36353300e+00   2.05052493e-02   2.05052493e-02]
519.0 1:[ 56.403428    -3.434645     0.          56.398232    -3.470137
   1.79327726   1.79327726]
1707.0 1:[ 53.723542    -1.946142     0.          53.774697    -1.901265
   8.52521276   8.52521276]
200.0 1:[ 51.987627    -0.232735     1.          51.987627    -0.232735
   0.76117971   0.76117971]
1154.0 1:[ 52.044025    -0.355813     0.          51.98784     -0.2329      10.10225284
  10.10225284]
520.0 1:[ 51.555035    -0.611235     0.          51.539807    -0.571415
   3.98671757   3.98671757]
2313.0 1:[ 51.483463    -1.085775     0.          51.435748    -0.972468
   8.52894098   8.52894098]
26.0 1:[  5.15366530e+01  -1.02391800e+00   0.00000000e+00   5.15368200e+01
  -1.02410700e+00   1.49129086e-02   1.49129086e-02]
579.0 1:[ 51.379578    -0.956875     1.          51.412788    -0.946462
   4.09918576   4.09918576]
487.0 1:[ 53.564273    -0.62487      1.          53.565983    -0.665918
   1.73486837   1.73486837]
675.0 1:[ 53.564368    -0.62482      1.          53.564253    -0.624782
   3.12922532   3.12922532]
651.0 1:[ 51.076198   -1.796245    0.         51.074187   -1.77176     4.3614044
   4.3614044]
392.0 1:[ 51.09227     -1.776132     0.          51.092353    -1.77611      1.92873618
   1.92873618]
265.0 1:[  5.11254480e+01  -1.79330000e-02   1.00000000e+00   5.11305030e+01
  -1.76120000e-02   6.53682494e-01   6.53682494e-01]
2152.0 1:[  5.14057830e+01  -6.57850000e-02   0.00000000e+00   5.14408070e+01
  -2.92680000e-02   4.73919808e+00   4.73919808e+00]
1385.0 1:[ 51.4278      -0.978282     0.          51.45597     -0.968865
   3.67913883   3.67913883]
162.0 1:[  5.37865270e+01  -1.54393700e+00   0.00000000e+00   5.37864970e+01
  -1.54354500e+00   1.98838782e-02   1.98838782e-02]
1539.0 1:[ 53.979363    -1.567635     0.          53.85982     -1.511013
  12.01669749  12.01669749]
1646.0 1:[ 51.335047    -0.761235     1.          51.336082    -0.830975
   7.43843454   7.43843454]
