514.0 1:[ 50.841477    -0.774607     0.          50.81139     -0.772685
   2.86762805   2.86762805]
451.0 1:[ 50.811457    -0.772338     0.          50.823383    -0.749215
   2.23817903   2.23817903]
1226.0 1:[ 51.425015    -0.937838     0.          51.425015    -0.937838
   7.50492126   7.50492126]
1524.0 1:[ 51.63827    -0.46805     0.         51.760297   -0.339835   13.9081514
  13.9081514]
706.0 1:[ 53.723622    -1.946193     0.          53.72362     -1.86178      4.29678179
   4.29678179]
569.0 1:[ 51.57492     -3.2955       1.          51.567153    -3.231038
   4.22159588   4.22159588]
320.0 1:[ 51.985598    -0.20403      0.          51.984612    -0.207377
   1.60438042   1.60438042]
558.0 1:[ 51.42736     -0.731802     0.          51.403097    -0.748695
   3.15035194   3.15035194]
237.0 1:[ 51.450817    -1.046913     0.          51.450692    -1.04688      0.82766643
   0.82766643]
1052.0 1:[ 51.433327    -1.07573      0.          51.479377    -1.042363
   6.61511771   6.61511771]
403.0 1:[ 52.789905    -0.155908     1.          52.779125    -0.17534      1.44841625
   1.44841625]
493.0 1:[ 53.698285   -1.778427    0.         53.715915   -1.801662    1.9629116
   1.9629116]
1206.0 1:[ 51.412735    -0.946485     0.          51.45946     -0.970778
   4.52047542   4.52047542]
1241.0 1:[  5.12770580e+01  -2.09670000e-01   0.00000000e+00   5.11827470e+01
  -2.58450000e-02   1.38590631e+01   1.38590631e+01]
1263.0 1:[  5.12769480e+01  -2.09453000e-01   0.00000000e+00   5.11827400e+01
  -2.58520000e-02   1.42169729e+01   1.42169729e+01]
408.0 1:[ 53.859765    -1.51105      0.          53.839762    -1.503357
   1.92127973   1.92127973]
629.0 1:[ 51.28665     -0.725915     0.          51.250112    -0.770803
   4.55527221   4.55527221]
284.0 1:[ 53.305078    -3.524425     0.          53.302755    -3.543118
   0.97990237   0.97990237]
217.0 1:[ 51.408782    -0.094687     1.          51.408782    -0.094687
   0.69842122   0.69842122]
711.0 1:[ 51.40858     -0.094445     1.          51.408463    -0.094475
   1.80570468   1.80570468]
