416.0 1:[ 51.454       -0.892763     1.          51.454622    -0.890227
   2.81356876   2.81356876]
5126.0 1:[ 51.75148     -3.380515     0.          51.482422    -1.554762
  95.68619264  95.68619264]
985.0 1:[ 51.75056     -0.226082     0.          51.760288    -0.339837
   6.22365386   6.22365386]
504.0 1:[ 52.29106     -0.667453     0.          52.33053     -0.616748
   5.73649885   5.73649885]
973.0 1:[ 51.56718     -3.230933     0.          51.58539     -3.22358      8.76879026
   8.76879026]
1434.0 1:[ 51.517678    -0.728817     0.          51.42673     -0.732195
   9.99351288   9.99351288]
1630.0 1:[ 51.433352   -1.075835    0.         51.352972   -0.972002   12.1608556
  12.1608556]
1180.0 1:[ 51.46094     -0.972195     0.          51.466533    -1.021375
   4.82743279   4.82743279]
942.0 1:[ 51.479285    -1.042908     0.          51.479835    -1.042175
   6.06768969   6.06768969]
2156.0 1:[ 51.483767    -1.085888     0.          51.466312    -1.021363
   5.87320051   5.87320051]
85.0 1:[ 53.703798    -1.85775      0.          53.704452    -1.85664      0.09009882
   0.09009882]
518.0 1:[ 51.0776      -1.79932      1.          51.047378    -1.789228
   3.44985286   3.44985286]
3140.0 1:[  5.11826750e+01  -2.57970000e-02   0.00000000e+00   5.12773820e+01
  -2.09930000e-01   1.74207627e+01   1.74207627e+01]
2704.0 1:[  5.11827620e+01  -2.54450000e-02   0.00000000e+00   5.12773500e+01
  -2.10103000e-01   1.76761463e+01   1.76761463e+01]
485.0 1:[  5.13975430e+01  -4.95770000e-02   1.00000000e+00   5.14057870e+01
  -6.56080000e-02   1.61245824e+00   1.61245824e+00]
7125.0 1:[  52.447052   -1.71639     0.         52.065343    0.175372  115.617295
  115.617295]
2598.0 1:[ 51.533523    -0.750405     0.          51.456053    -0.96878     17.53198819
  17.53198819]
305.0 1:[ 52.02289     -0.496765     0.          52.022755    -0.497633
   1.55964169   1.55964169]
879.0 1:[ 55.841385    -3.04043      1.          55.893705    -3.068673
   4.97407639   4.97407639]
1155.0 1:[ 55.959042   -3.123128    0.         55.841477   -3.04042    12.0682713
  12.0682713]
367.0 1:[ 53.302715    -3.543237     0.          53.305157    -3.524365
   0.99295117   0.99295117]
361.0 1:[ 51.24263     -0.09727      0.          51.243007    -0.097847
   1.99832975   1.99832975]
137.0 1:[ 51.242683    -0.20557      0.          51.243388    -0.204997
   0.54929213   0.54929213]
