3282.0 1:[ 50.889638    0.320423    0.         50.85175     0.537098   21.6622425
  21.6622425]
142.0 1:[ 51.42313     -0.93433      0.          51.433693    -0.904092
   0.58968126   0.58968126]
1040.0 1:[ 51.434082    -0.90331      0.          51.440585    -1.074813
   8.63146723   8.63146723]
1191.0 1:[ 51.637782    -0.468342     0.          51.699265    -0.434268
   6.20252724   6.20252724]
615.0 1:[ 51.355393    -0.17673      1.          51.360673    -0.19339      1.70317844
   1.70317844]
82.0 1:[ 51.356533    -0.493195     0.          51.314087    -0.308505
   0.41507596   0.41507596]
4780.0 1:[ 53.338572    -2.856075     0.          53.723602    -1.946195
  53.92694166  53.92694166]
89.0 1:[ 0.          0.          0.          0.          0.          0.10749722
  0.10749722]
2038.0 1:[ 53.799552    -1.426438     0.          53.84489     -1.688492
  14.80603277  14.80603277]
288.0 1:[ 51.417898    -0.761928     0.          51.418757    -0.77787      1.05570966
   1.05570966]
540.0 1:[ 51.426812    -0.732208     0.          51.418752    -0.777873
   3.13730315   3.13730315]
404.0 1:[ 51.53659     -0.904898     0.          51.533992    -0.894172
   1.24087827   1.24087827]
479.0 1:[ 51.618327    -0.765243     0.          51.633558    -0.770913
   1.63482761   1.63482761]
1800.0 1:[ 51.074125    -1.77175      0.          51.197208    -1.820063
  12.32738308  12.32738308]
1255.0 1:[  5.12679630e+01  -2.07900000e-01   1.00000000e+00   5.11827220e+01
  -2.58630000e-02   1.28605196e+01   1.28605196e+01]
3196.0 1:[  5.14406070e+01   2.73262000e-01   0.00000000e+00   5.11825800e+01
  -2.59720000e-02   3.54082160e+01   3.54082160e+01]
1264.0 1:[  5.12775230e+01  -2.09812000e-01   0.00000000e+00   5.11827730e+01
  -2.58220000e-02   1.38963453e+01   1.38963453e+01]
709.0 1:[ 51.874795     0.353012     0.          51.874815     0.352958
   8.90859878   8.90859878]
597.0 1:[ 53.023913    -2.20573      1.          53.037377    -2.169658
   3.92333771   3.92333771]
3598.0 1:[ 53.859857    -1.511123     0.          53.797205    -1.537058
   7.17000219   7.17000219]
381.0 1:[ 53.992003    -1.542477     0.          53.979418    -1.567645
   1.57269049   1.57269049]
114.0 1:[  5.14208500e+01  -1.06380000e-01   1.00000000e+00   5.14081150e+01
  -9.39870000e-02   1.73983934e-02   1.73983934e-02]
