774.0 1:[ 50.732047    -0.791893     0.          50.811392    -0.77271      6.35538455
   6.35538455]
1409.0 1:[ 50.841117    -0.774248     0.          50.811315    -0.776675
   6.35600593   6.35600593]
100.0 1:[ 51.343302     1.417295     0.          51.343422     1.416767
   0.15472143   0.15472143]
463.0 1:[ 51.343477     1.416197     0.          51.361397     1.436653
   1.86722043   1.86722043]
605.0 1:[ 52.291197    -0.683647     0.          52.329573    -0.600282
   6.20066313   6.20066313]
1463.0 1:[ 51.987895    -0.232673     1.          52.026738    -0.305718
  10.47134733  10.47134733]
1248.0 1:[ 52.043957    -0.355667     0.          51.987822    -0.232922
  10.19483715  10.19483715]
71.0 1:[ 52.043218    -0.35678      0.          52.043897    -0.355603
   0.06400123   0.06400123]
359.0 1:[ 51.402963    -0.748577     0.          51.403042    -0.748422
   1.33284121   1.33284121]
679.0 1:[ 52.810485   -0.138183    1.         52.779155   -0.17539     3.3690746
   3.3690746]
844.0 1:[ 53.729405    -1.874553     0.          53.715885    -1.801635
   3.96931918   3.96931918]
1473.0 1:[ 54.008467    -1.529898     0.          53.978237    -1.521733
   3.01862125   3.01862125]
283.0 1:[ 52.022755    -0.497633     0.          52.010612    -0.512812
   1.50185417   1.50185417]
1347.0 1:[ 55.95876     -3.123265     0.          55.841468    -3.040402
  12.01607612  12.01607612]
1778.0 1:[ 51.275987  -0.748163   1.        51.354923  -0.604     11.565582
  11.565582]
