1278.0 1:[ 50.863667     0.232437     1.          50.88956      0.32049      5.63956494
   5.63956494]
468.0 1:[ 50.793353    -0.657998     1.          50.799015    -0.666402
   2.11701165   2.11701165]
685.0 1:[ 50.811118    -0.774162     0.          50.835768    -0.77657      2.50164042
   2.50164042]
371.0 1:[ 56.394773    -3.435842     1.          56.398258    -3.470163
   1.42915374   1.42915374]
99.0 1:[ 55.881042    -3.168155     1.          55.880115    -3.164832
   0.20505249   0.20505249]
543.0 1:[ 56.398073   -3.470073    1.         56.39823    -3.470192    1.3869005
   1.3869005]
1737.0 1:[ 56.480823    -3.023775     1.          56.398275    -3.470155
  23.54189036  23.54189036]
534.0 1:[ 51.47257     -0.859218     0.          51.490602    -0.871698
   1.62550704   1.62550704]
218.0 1:[ 53.735692    -1.72131      0.          53.732037    -1.717637
   0.59651634   0.59651634]
3431.0 1:[ 53.723612    -1.946135     0.          53.468138    -2.351057
  31.29349598  31.29349598]
2261.0 1:[ 51.988028    -0.232535     0.          51.987765    -0.232915
   9.06518432   9.06518432]
163.0 1:[ 51.402532   -0.837767    0.         51.40375    -0.837375    0.6685954
   0.6685954]
1332.0 1:[ 53.83032     -1.712452     0.          53.844898    -1.688408
   4.97345502   4.97345502]
1703.0 1:[ 51.517787    -0.728833     0.          51.418763    -0.777863
  13.29175117  13.29175117]
151.0 1:[ 51.38057     -2.372012     0.          51.38067     -2.372918
   0.18889684   0.18889684]
552.0 1:[ 51.671392    -0.276723     0.          51.654172    -0.277075
   1.79141315   1.79141315]
567.0 1:[ 51.536842    -1.024203     0.          51.573362    -0.98305      3.91215303
   3.91215303]
346.0 1:[ 53.701795    -1.783307     0.          53.715887    -1.80163      1.37198759
   1.37198759]
169.0 1:[ 53.56419     -0.624763     0.          53.563428    -0.636743
   0.53810745   0.53810745]
939.0 1:[ 53.565955    -0.683273     0.          53.564232    -0.624788
   2.78312157   2.78312157]
3098.0 1:[  5.11827230e+01  -2.54820000e-02   0.00000000e+00   5.12773670e+01
  -2.09902000e-01   1.73691889e+01   1.73691889e+01]
601.0 1:[  5.11827680e+01  -2.57730000e-02   0.00000000e+00   5.11925500e+01
  -9.79650000e-02   4.94984292e+00   4.94984292e+00]
114.0 1:[ 53.037533    -2.16992      0.          53.030352    -2.164888
   0.56669053   0.56669053]
2559.0 1:[ 51.276015    -0.748067     0.          51.34693     -0.712795
  13.76337191  13.76337191]
397.0 1:[ 51.236753    -0.20655      0.          51.236753    -0.20655      1.40243478
   1.40243478]
