2286.0 1:[ 51.43425     -0.902957     0.          51.510837    -0.595013
  20.91411159  20.91411159]
294.0 1:[ 56.401432    -3.470235     0.          56.398278    -3.470208
   0.71892647   0.71892647]
827.0 1:[ 51.358498    -0.148688     1.          51.366893    -0.178653
   2.44074604   2.44074604]
1200.0 1:[ 51.437898    -1.074008     0.          51.427215    -0.876775
  13.11838861  13.11838861]
96.0 1:[ 52.376025    -0.721157     0.          52.375577    -0.720135
   0.20567386   0.20567386]
483.0 1:[ 51.567175    -3.230462     0.          51.590083    -3.211235
   2.90925992   2.90925992]
346.0 1:[ 51.987822    -0.232922     0.          51.987822    -0.232922
   1.78706355   1.78706355]
485.0 1:[ 51.403205   -0.74884     0.         51.426142   -0.731955    2.7911994
   2.7911994]
251.0 1:[ 51.395593    -0.73656      0.          51.403155    -0.748693
   1.10106975   1.10106975]
419.0 1:[ 51.402883    -0.74853      0.          51.403598    -0.748238
   2.79554899   2.79554899]
43.0 1:[  5.38445950e+01  -1.68899300e+00   0.00000000e+00   5.38449030e+01
  -1.68839500e+00   1.86411358e-03   1.86411358e-03]
484.0 1:[ 51.415343    -0.744607     0.          51.418792    -0.777892
   2.14683747   2.14683747]
418.0 1:[ 51.418805    -0.777532     0.          51.415578    -0.745        1.85541438
   1.85541438]
2190.0 1:[ 53.783948    -2.273337     1.          53.62397     -2.176943
  16.03572636  16.03572636]
191.0 1:[ 53.792007    -2.241007     1.          53.791608    -2.241055
   0.13545892   0.13545892]
2143.0 1:[ 53.624115    -2.17631      1.          53.860267    -2.164433
  25.12949376  25.12949376]
2416.0 1:[ 53.858568    -2.174962     1.          53.631118    -2.32879     21.09120238
  21.09120238]
852.0 1:[ 51.476662    -0.966602     0.          51.471048    -0.969185
   5.13625428   5.13625428]
2241.0 1:[ 51.536818    -1.024162     0.          51.433327    -1.076017
  14.72401177  14.72401177]
376.0 1:[  5.15352000e+01  -1.07119300e+00   0.00000000e+00   5.15349670e+01
  -1.07086700e+00   1.42915374e-02   1.42915374e-02]
328.0 1:[ 52.779638    -0.17545      0.          52.779638    -0.17545      1.85417164
   1.85417164]
657.0 1:[ 53.751787    -1.818755     0.          53.715887    -1.801645
   2.96829019   2.96829019]
971.2 1:[  0.          0.          0.         51.350588   -0.859522    7.2085272
   7.2085272]
1221.0 1:[ 51.533467    -0.750128     0.          51.483438    -0.61413      8.37235544
   8.37235544]
635.0 1:[ 51.52109     -0.752588     1.          51.517627    -0.716573
   2.00330072   2.00330072]
1894.0 1:[ 55.933333    -3.16617      1.          55.841492    -3.040448
   9.43924978   9.43924978]
251.0 1:[ 55.958657    -3.123027     0.          55.968463    -3.141567
   1.18930446   1.18930446]
250.0 1:[ 51.275975    -0.748315     1.          51.285972    -0.747145
   0.99978625   0.99978625]
1123.0 1:[ 53.302725    -3.54318      0.          53.302733    -3.543117
   3.00992206   3.00992206]
2047.0 1:[ 51.239537    -0.170373     0.          51.324087    -0.244138
  14.00819216  14.00819216]
2791.0 1:[ 51.264548    -1.0227       0.          51.06234     -1.780197
  39.22094965  39.22094965]
