1610.0 1:[ 50.889587    0.320483    0.         51.021618    0.274885   11.9085789
  11.9085789]
2206.0 1:[ 50.889325     0.319902     0.          50.889578     0.320493
  15.71758431  15.71758431]
1286.0 1:[ 50.81139    -0.772715    0.         50.842503   -1.081967   16.9752396
  16.9752396]
1102.0 1:[ 50.850548    -0.61696      0.          50.811373    -0.77276      9.63187485
   9.63187485]
727.0 1:[ 51.47545    -0.864135    0.         51.434265   -0.902895    5.5563012
   5.5563012]
348.0 1:[ 51.472513  -0.859095   0.        51.478472  -0.866788   0.672945
   0.672945]
662.0 1:[ 53.72444     -1.88777      0.          53.723578    -1.94622      3.37715243
   3.37715243]
276.0 1:[ 53.732017    -1.717362     0.          53.724887    -1.715648
   0.91217291   0.91217291]
1425.0 1:[ 51.988028    -0.232535     0.          51.988028    -0.232535
   8.40404538   8.40404538]
2852.0 1:[ 51.403152    -0.748627     0.          51.40317     -0.74873     12.78968325
  12.78968325]
531.0 1:[ 51.403148    -0.74873      0.          51.403172    -0.748755
   1.76842241   1.76842241]
517.0 1:[  0.           0.           0.          53.857888    -1.687765
   2.09961326   2.09961326]
1590.0 1:[ 51.418632    -0.777555     0.          51.517765    -0.728878
   9.84997614   9.84997614]
95.0 1:[  5.11076080e+01  -1.04517500e+00   1.00000000e+00   5.11075320e+01
  -1.04528500e+00   6.21371192e-03   6.21371192e-03]
240.0 1:[ 51.473488    -1.049633     0.          51.473577    -1.04989      0.95504752
   0.95504752]
2584.0 1:[ 51.433247    -1.076032     0.          51.536812    -1.02412     11.87440348
  11.87440348]
2048.0 1:[  5.11253530e+01  -1.78330000e-02   1.00000000e+00   5.11154820e+01
  -1.84048000e-01   9.66729301e+00   9.66729301e+00]
272.0 1:[ 55.086653    -1.58618      0.          55.100807    -1.591108
   1.71374175   1.71374175]
318.0 1:[ 53.037515    -2.1699       1.          53.050607    -2.15277      1.35831743
   1.35831743]
2141.0 1:[ 52.022807    -0.49675      1.          51.882717    -0.418783
  15.55851328  15.55851328]
1171.0 1:[ 55.958827    -3.123147     0.          55.84149     -3.04042     12.04838742
  12.04838742]
798.0 1:[ 51.291725    -0.74993      1.          51.357692    -0.696007
   5.74022707   5.74022707]
458.0 1:[ 51.290132   -0.724327    0.         51.275972   -0.748203    2.5904965
   2.5904965]
