1253.0 1:[ 50.786953     0.267327     0.          50.889587     0.320475
  11.21947825  11.21947825]
702.0 1:[ 50.889552    0.320457    0.         50.889478    0.325543    6.0372425
   6.0372425]
745.0 1:[ 50.841297    -0.774972     0.          50.811365    -0.7727       2.89931798
   2.89931798]
2070.0 1:[ 51.434285    -0.90295      0.          51.4585      -1.046448
  12.54796986  12.54796986]
2373.0 1:[ 51.698642    -0.426157     0.          51.947213    -0.27305     29.25104887
  29.25104887]
175.0 1:[ 51.637955    -0.468455     0.          51.639883    -0.47203      0.44179492
   0.44179492]
1304.0 1:[ 56.398385    -3.470007     0.          56.398965    -3.46448      0.24792711
   0.24792711]
478.0 1:[ 56.398172    -3.470062     0.          56.4035      -3.434647
   1.78333532   1.78333532]
788.0 1:[ 51.367175    -0.178845     1.          51.347672    -0.163365
   1.93432852   1.93432852]
1515.0 1:[ 52.25235     -0.621825     0.          52.33101     -0.616735
  14.63888392  14.63888392]
439.0 1:[ 53.49004     -2.244268     1.          53.507662    -2.242178
   1.51552434   1.51552434]
630.0 1:[ 51.567113    -3.231005     1.          51.5914      -3.19899      2.76385906
   2.76385906]
553.0 1:[ 51.98774     -0.232937     0.          51.981542    -0.2026       2.23631492
   2.23631492]
1450.0 1:[ 51.987635    -0.232668     0.          52.043197    -0.356797
  10.35639366  10.35639366]
425.0 1:[ 51.418315    -0.753502     0.          51.402978    -0.748545
   2.04182574   2.04182574]
700.0 1:[ 51.366975    -0.195148     0.          51.350717    -0.19479      2.51468921
   2.51468921]
3079.0 1:[  5.15690800e+01   1.47003000e-01   0.00000000e+00   5.15782280e+01
  -2.70070000e-02   1.17526147e+01   1.17526147e+01]
626.0 1:[ 51.074987    -1.816227     0.          51.074052    -1.771732
   3.07516603   3.07516603]
922.0 1:[ 51.077942    -1.772808     0.          51.07535     -1.797068
   2.12943908   2.12943908]
728.0 1:[ 54.577872    -5.978925     0.          54.57262     -6.00714      1.91009504
   1.91009504]
1248.0 1:[  5.12774470e+01  -2.10125000e-01   1.00000000e+00   5.11827500e+01
  -2.57850000e-02   1.41840402e+01   1.41840402e+01]
1455.0 1:[ 52.165978    -0.484038     0.          52.116202    -0.476907
  11.07966973  11.07966973]
1171.0 1:[ 55.841502    -3.04044      0.          55.958413    -3.122632
  12.11798099  12.11798099]
859.0 1:[ 51.414648    -0.182335     0.          51.408507    -0.214675
   2.84898692   2.84898692]
601.0 1:[ 53.30263     -3.543242     0.          53.305215    -3.52439      0.96250398
   0.96250398]
