1985.0 1:[ 50.889558     0.32051      0.          50.76948      0.287357
  12.47651217  12.47651217]
417.0 1:[ 56.39521   -3.436323   0.        56.398248  -3.47018    1.427911
   1.427911]
1598.0 1:[ 51.487402    -0.868508     0.          51.437865    -1.074042
  16.87084924  16.87084924]
151.0 1:[ 52.326147    -0.611773     0.          52.331033    -0.616737
   0.48218405   0.48218405]
1726.0 1:[ 51.308757    -0.302652     0.          51.339033    -0.26668      3.03539827
   3.03539827]
3269.0 1:[ 53.49853     -2.237372     0.          53.723602    -1.94618     25.87824604
  25.87824604]
1081.0 1:[ 52.04394    -0.355798    0.         51.987887   -0.232972   10.2153424
  10.2153424]
530.0 1:[ 51.403122    -0.748715     0.          51.382542    -0.773218
   3.16277937   3.16277937]
539.0 1:[ 51.346453    -0.241045     0.          51.367018    -0.26352      1.89269665
   1.89269665]
1345.0 1:[ 53.813582    -2.230162     1.          53.690935    -2.326937
  12.81267398  12.81267398]
329.0 1:[ 51.422627    -1.033502     0.          51.433817    -1.07571      2.99749463
   2.99749463]
1635.0 1:[ 51.536928    -1.024107     0.          51.433375    -1.07601     11.34002426
  11.34002426]
51.0 1:[  5.15211220e+01  -6.48478000e-01   0.00000000e+00   5.15213280e+01
  -6.48257000e-01   1.61556510e-02   1.61556510e-02]
349.979 1:[ 0.          0.          0.          0.          0.          1.93992086
  1.93992086]
980.0 1:[ 54.008378    -1.529782     0.          53.978568    -1.521608
   3.00557246   3.00557246]
2068.0 1:[ 51.21452     -0.051575     0.          51.441905     0.272992
  26.53503539  26.53503539]
2123.0 1:[ 51.86566      0.16671      0.          51.808495     0.137007
  13.56888272  13.56888272]
1820.0 1:[ 53.859952    -1.511125     0.          53.796342    -1.536767
   5.74146982   5.74146982]
849.0 1:[ 55.946827    -3.141398     0.          55.921472    -3.146465
   2.83096715   2.83096715]
388.0 1:[ 53.305043    -3.52457      0.          53.302662    -3.543298
   0.97244592   0.97244592]
252.0 1:[ 51.24943     -0.206977     0.          51.24943     -0.206977
   1.10790484   1.10790484]
785.0 1:[ 51.236518    -0.20726      0.          51.240992    -0.205447
   1.38752187   1.38752187]
333.0 1:[ 51.41659     -0.097278     1.          51.41659     -0.097278
   1.04763183   1.04763183]
900.0 1:[  5.14169100e+01  -4.46070000e-02   0.00000000e+00   5.14540720e+01
  -5.79050000e-02   3.32433588e+00   3.32433588e+00]
263.0 1:[ 53.666183    -1.514343     0.          53.666947    -1.514273
   1.22534399   1.22534399]
