1157.0 1:[  5.08796700e+01   2.30928000e-01   0.00000000e+00   5.08733700e+01
   1.52330000e-02   1.07932176e+01   1.07932176e+01]
610.0 1:[ 50.889565     0.320468     0.          50.88951      0.320257
   4.12901157   4.12901157]
357.0 1:[ 50.81071     -0.737013     0.          50.811315    -0.775672
   2.09153543   2.09153543]
671.0 1:[ 51.360632    -0.193163     1.          51.367063    -0.178665
   1.34091903   1.34091903]
780.0 1:[ 53.725213    -1.888055     1.          53.709747    -1.909378
   2.21208144   2.21208144]
3226.0 1:[ 53.723638    -1.946042     0.          53.489957    -2.244325
  26.46233496  26.46233496]
698.0 1:[ 51.567147    -3.231012     0.          51.567275    -3.230928
   2.40222103   2.40222103]
407.0 1:[ 51.368587    -0.2103       1.          51.35966     -0.216512
   1.02774795   1.02774795]
3128.0 1:[ 51.486407    -0.170657     0.          51.350748    -0.194507
  10.99019228  10.99019228]
334.0 1:[ 53.79702     -2.239047     1.          53.808045    -2.224533
   0.97990237   0.97990237]
996.0 1:[ 51.47915     -1.042445     0.          51.464688    -0.9773       4.50431977
   4.50431977]
631.0 1:[ 51.479357    -1.042443     0.          51.460752    -0.994327
   3.17831365   3.17831365]
931.0 1:[ 51.479662    -1.041687     0.          51.433408    -1.075853
   5.23691641   5.23691641]
43.0 1:[  5.14793770e+01  -1.04236300e+00   0.00000000e+00   5.14793770e+01
  -1.04236300e+00   2.48548477e-03   2.48548477e-03]
1848.0 1:[ 51.536912    -1.024158     0.          51.573438    -0.784288
  15.75921618  15.75921618]
2598.0 1:[ 51.404468    -0.50762      1.          51.63178     -0.756475
  25.60111449  25.60111449]
53.0 1:[  5.36973680e+01  -1.77457700e+00   0.00000000e+00   5.36972920e+01
  -1.77483800e+00   1.11846815e-02   1.11846815e-02]
346.0 1:[ 53.566503    -0.613975     0.          53.564285    -0.624817
   1.91879424   1.91879424]
474.0 1:[ 54.565118    -5.979515     0.          54.568118    -6.009537
   1.80819017   1.80819017]
1037.0 1:[  5.11827800e+01  -2.58670000e-02   0.00000000e+00   5.11827650e+01
  -2.58370000e-02   4.02586395e+00   4.02586395e+00]
2374.0 1:[ 52.022905    -0.497122     0.          52.165978    -0.484038
  18.32734332  18.32734332]
559.0 1:[ 55.841612    -3.040285     1.          55.871328    -3.102203
   3.43742544   3.43742544]
1027.0 1:[ 51.40858    -0.094483    1.         51.385133   -0.101408    2.8514724
   2.8514724]
