1725.0 1:[ 50.884748    -0.922742     1.          50.811378    -0.77274     16.21281715
  16.21281715]
922.0 1:[ 50.811382    -0.77275      0.          50.841345    -0.774328
   3.31812217   3.31812217]
288.0 1:[ 50.826178    -0.776717     0.          50.81135     -0.772778
   1.70255707   1.70255707]
495.0 1:[ 51.361497     1.436802     0.          51.341992     1.415778
   2.57806908   2.57806908]
2271.0 1:[ 51.51048     -0.598923     1.          51.438333    -0.905987
  19.22771017  19.22771017]
1921.0 1:[ 51.327588    -1.002452     0.          51.000507    -1.321323
  28.45258689  28.45258689]
1334.0 1:[ 51.760452   -0.339902    0.         51.750562   -0.225967    6.2379454
   6.2379454]
1619.0 1:[ 51.472772    -0.85896      0.          51.457607    -0.945335
   7.12091386   7.12091386]
650.0 1:[ 52.29399     -0.683563     0.          52.326172    -0.611798
   6.38645311   6.38645311]
735.0 1:[ 53.723128    -1.862065     1.          53.724603    -1.887867
   1.36142428   1.36142428]
1388.0 1:[ 51.35424     -0.184272     1.          51.390213    -0.116058
   5.71661497   5.71661497]
527.0 1:[ 53.860058    -2.167113     0.          53.862332    -2.119825
   2.08904995   2.08904995]
939.0 1:[ 51.433443    -1.075727     0.          51.47915     -1.042445
   6.58467052   6.58467052]
747.0 1:[ 51.681977    -1.262198     1.          51.668838    -1.304137
   3.99665951   3.99665951]
411.0 1:[ 53.698178    -1.778305     0.          53.71585     -1.8016       1.78457806
   1.78457806]
230.0 1:[ 51.077125    -1.809652     0.          51.077125    -1.809652
   0.75372326   0.75372326]
1175.0 1:[ 53.003563    -2.13083      1.          53.037557    -2.169948
   4.05444703   4.05444703]
1334.0 1:[ 55.871208    -3.102217     0.          55.958727    -3.122665
   6.98794043   6.98794043]
2135.0 1:[ 55.880028    -3.164823     0.          55.841483    -3.040397
   9.40942396   9.40942396]
204.0 1:[ 51.362792    -0.688763     0.          51.360762    -0.692357
   0.38090054   0.38090054]
292.0 1:[ 53.302728   -3.543113    0.         53.305347   -3.524668    1.0159419
   1.0159419]
1106.0 1:[ 50.378672    -4.942173     0.          50.2598      -5.046972
  11.59540782  11.59540782]
