2901.0 1:[ 50.889208     0.319588     1.          50.8895       0.320537
  28.71107731  28.71107731]
846.0 1:[ 50.829483     0.23631      1.          50.889557     0.320517
   7.75906208   7.75906208]
656.0 1:[ 50.811372    -0.772795     0.          50.841248    -0.774898
   3.33179233   3.33179233]
1431.0 1:[ 51.434267    -0.902947     1.          51.404002    -0.982648
   9.30316949   9.30316949]
1009.0 1:[ 51.434403    -0.90241      0.          51.475463    -0.864035
   5.42332777   5.42332777]
349.0 1:[ 51.426942    -0.93693      0.           0.           0.           1.95545514
   1.95545514]
1389.0 1:[ 51.760102    -0.339703     0.          51.733442    -0.464198
   8.17724489   8.17724489]
213.0 1:[ 52.329515    -0.60043      0.          52.331027    -0.616757
   1.04701046   1.04701046]
1365.0 1:[ 51.567268    -3.230757     1.          51.567208    -3.231138
  10.96782291  10.96782291]
255.0 1:[ 51.987772    -0.232987     0.          51.987762    -0.23296      0.76490794
   0.76490794]
553.0 1:[ 51.98784     -0.233123     0.          51.98217     -0.202118
   2.08470035   2.08470035]
2061.0 1:[ 53.844638    -1.687673     0.          53.797638    -1.546172
   7.65218623   7.65218623]
310.0 1:[ 51.418705    -0.777838     0.          51.420478    -0.765733
   0.98176648   0.98176648]
3303.0 1:[ 51.55498     -0.61112      0.          51.433512    -1.076048
  26.11995944  26.11995944]
583.0 1:[ 53.751782    -1.818712     0.          53.715888    -1.80166      3.00867931
   3.00867931]
509.0 1:[ 53.698248  -1.778527   0.        53.715892  -1.80162    1.734247
   1.734247]
2082.0 1:[ 53.564078   -0.635378    0.         53.565983   -0.683212    7.7068669
   7.7068669]
1327.0 1:[ 53.564273    -0.624808     0.          53.567965    -0.643725
   7.17808001   7.17808001]
649.0 1:[ 53.564137    -0.624785     0.          53.590165    -0.637945
   3.15842977   3.15842977]
653.0 1:[ 51.073997    -1.771335     0.          51.073997    -1.771335
   3.30507337   3.30507337]
495.0 1:[ 51.073968    -1.771595     0.          51.074128    -1.771748
   2.19406168   2.19406168]
1828.0 1:[  5.13064870e+01  -1.15955000e-01   0.00000000e+00   5.11827470e+01
  -2.58500000e-02   1.19874930e+01   1.19874930e+01]
2784.0 1:[ 51.408443    -0.214718     0.          51.381515    -0.124798
   5.70232343   5.70232343]
393.0 1:[ 51.408295    -0.214563     0.          51.401393    -0.240183
   1.44158117   1.44158117]
1063.0 1:[ 51.362457    -0.688373     1.          51.26631     -0.720628
   7.94609481   7.94609481]
2986.0 1:[ 51.27581     -0.747573     0.          51.322867    -0.5594      13.76337191
  13.76337191]
721.0 1:[ 51.408113    -0.094077     1.          51.40787     -0.093925
   2.36431739   2.36431739]
564.0 1:[ 53.66953     -1.510148     0.          53.666302    -1.514242
   1.70504255   1.70504255]
