1490.0 1:[ 51.434372    -0.903015     0.          51.433805    -0.903958
  13.69502108  13.69502108]
790.0 1:[ 52.275318    -1.564273     0.          52.218725    -1.502695
   5.41027897   5.41027897]
239.0 1:[ 56.398968    -3.46439      1.          56.397657    -3.485727
   0.86619144   0.86619144]
646.0 1:[ 51.348232   -0.163507    1.         51.367063   -0.17872     1.9778245
   1.9778245]
2551.0 1:[ 51.309003    -0.30235      0.          51.308818    -0.302075
  30.37138113  30.37138113]
863.0 1:[ 53.725563    -1.811113     0.          53.73203     -1.717642
   4.73298437   4.73298437]
4586.0 1:[ 51.402997    -0.748593     0.          51.415148    -0.754982
   6.56416527   6.56416527]
134.0 1:[ 51.403253    -0.748625     0.          51.405177    -0.747983
   0.23425694   0.23425694]
299.0 1:[ 51.350227   -0.195813    0.         51.35069    -0.194857    0.1056331
   0.1056331]
1347.0 1:[ 53.807998    -2.224482     1.          53.862348    -2.119785
   7.76527579   7.76527579]
18.0 1:[  5.36908050e+01  -2.32691500e+00   1.00000000e+00   5.36907200e+01
  -2.32716200e+00   5.59234073e-03   5.59234073e-03]
67.0 1:[  5.38080170e+01  -2.22455200e+00   0.00000000e+00   5.38080780e+01
  -2.22482500e+00   9.32056788e-03   9.32056788e-03]
1738.0 1:[ 51.147013    -0.976933     1.          51.107592    -1.045225
  10.51608606  10.51608606]
245.0 1:[ 51.61753     -0.278258     1.          51.61753     -0.278258
   0.83512288   0.83512288]
611.0 1:[ 52.810378    -0.13777      0.          52.779113    -0.175178
   3.37590969   3.37590969]
233.0 1:[ 51.433362    -1.075773     0.          51.424305    -1.06769      0.93205679
   0.93205679]
3150.0 1:[ 53.56426    -0.624782    0.         53.222048   -0.530578   28.7371749
  28.7371749]
173.0 1:[ 54.572657    -6.007087     0.          54.572757    -5.994888
   0.58781715   0.58781715]
1262.0 1:[  5.11255280e+01  -1.79470000e-02   0.00000000e+00   5.11827950e+01
  -2.58430000e-02   5.17975026e+00   5.17975026e+00]
3086.0 1:[  5.12771470e+01  -2.09515000e-01   0.00000000e+00   5.11827720e+01
  -2.58150000e-02   1.44574435e+01   1.44574435e+01]
1719.0 1:[  5.11826930e+01  -2.59120000e-02   0.00000000e+00   5.12379480e+01
  -2.03987000e-01   1.38907530e+01   1.38907530e+01]
574.0 1:[ 53.842782    -1.549628     0.          53.859853    -1.511147
   3.25101408   3.25101408]
1640.0 1:[ 53.796373    -1.53702      0.          53.859797    -1.510988
   6.35973415   6.35973415]
432.0 1:[ 51.283127    -0.767245     0.          51.275985    -0.748195
   1.95918337   1.95918337]
336.0 1:[ 53.304963    -3.52432      0.          53.302722    -3.54317      0.98984431
   0.98984431]
836.0 1:[ 51.380317    -0.10521      1.          51.380128    -0.104883
   2.58490416   2.58490416]
539.0 1:[ 51.388137    -0.089708     0.          51.400738    -0.077037
   1.27132546   1.27132546]
