2310.0 1:[ 50.864582     0.260005     1.          50.889585     0.320452
  13.60057266  13.60057266]
108.0 1:[ 56.397925    -3.442867     0.          56.395872    -3.44253      0.18951821
   0.18951821]
723.0 1:[ 51.367048    -0.17871      0.          51.378747    -0.211975
   2.26241251   2.26241251]
439.0 1:[ 52.03591     -0.689687     0.          52.020637    -0.660328
   2.26986897   2.26986897]
745.0 1:[ 53.723618   -1.946208    0.         53.724862   -1.866803    4.4067645
   4.4067645]
2182.0 1:[ 51.828672    -0.224108     0.          51.913577    -0.21945     17.38596596
  17.38596596]
280.0 1:[ 51.987785    -0.232887     0.          51.987638    -0.232505
   1.03893263   1.03893263]
269.0 1:[ 53.63109    -2.3288      1.         53.632693   -2.334347    0.4983397
   0.4983397]
1836.0 1:[ 51.556442    -0.61723      0.          51.498445    -0.404897
  17.38907281  17.38907281]
10335.0 1:[  53.446823     -2.244448      0.           51.597785     -1.103812
  175.20554959  175.20554959]
971.0 1:[ 51.464232    -0.983655     0.          51.479193    -1.042395
   3.97677563   3.97677563]
641.0 1:[ 51.459162    -0.998503     0.          51.46982     -1.027298
   3.28208264   3.28208264]
181.0 1:[ 51.671392    -0.276752     1.          51.66834     -0.27448      0.88483258
   0.88483258]
2998.0 1:[ 53.222003    -0.53067      0.          53.564237    -0.624787
  27.25085501  27.25085501]
311.0 1:[ 51.074187    -1.771908     0.          51.074187    -1.771908
   1.11287581   1.11287581]
609.0 1:[ 51.075057    -1.815718     0.          51.075472    -1.814967
   3.04409747   3.04409747]
453.0 1:[ 51.074038    -1.771722     0.          51.063182    -1.782107
   2.38544401   2.38544401]
123.0 1:[  5.11828600e+01  -2.57520000e-02   1.00000000e+00   5.11747250e+01
  -2.06420000e-02   6.93450251e-01   6.93450251e-01]
1922.0 1:[  5.12771720e+01  -2.09797000e-01   0.00000000e+00   5.11529330e+01
  -4.94880000e-02   1.52950519e+01   1.52950519e+01]
839.0 1:[  5.11827770e+01  -2.58630000e-02   0.00000000e+00   5.11255250e+01
  -1.81830000e-02   4.75535373e+00   4.75535373e+00]
34.0 1:[  5.11827870e+01  -2.59030000e-02   0.00000000e+00   5.11828250e+01
  -2.58420000e-02   1.55342798e-02   1.55342798e-02]
709.0 1:[ 51.405848    -0.065712     0.          51.406065    -0.066043
   1.61494373   1.61494373]
2501.0 1:[ 51.693717    -0.194077     0.          51.874833     0.352922
  35.85684602  35.85684602]
601.0 1:[ 53.029988    -2.16429      0.          53.037162    -2.139687
   3.18514873   3.18514873]
5949.0 1:[ 50.48121    -5.032067    0.         50.147687   -5.058398   49.3468146
  49.3468146]
687.0 1:[ 51.522777    -0.714447     1.          51.521088    -0.75273      2.02877694
   2.02877694]
1680.0 1:[ 53.859758    -1.511065     0.          53.796403    -1.53738      5.80919928
   5.80919928]
309.0 1:[ 52.239812    -0.928018     0.          52.239688    -0.928598
   1.94862006   1.94862006]
765.0 1:[ 55.841545    -3.04009      0.          55.871192    -3.10227      3.43804681
   3.43804681]
1414.0 1:[ 51.336183    -0.739762     0.          51.275988    -0.74818      5.53206772
   5.53206772]
827.0 1:[ 51.24936     -0.206867     0.          51.248757    -0.20686      2.54016543
   2.54016543]
1238.0 1:[ 50.976448   -1.90795     0.         51.100442   -1.788085   13.1811471
  13.1811471]
257.0 1:[ 53.659338    -1.511578     0.          53.659385    -1.511528
   1.32352064   1.32352064]
2398.0 1:[ 53.921507    -1.075168     0.          53.668665    -1.51023     35.59338463
  35.59338463]
188.0 1:[ 53.672065    -1.50372      0.          53.671823    -1.503582
   0.68040146   0.68040146]
