553.0 1:[ 50.889612     0.320473     1.          50.864587     0.259925
   3.73071264   3.73071264]
447.0 1:[  0.          0.          0.         50.811365   -0.77274     3.5008053
   3.5008053]
437.0 1:[ 51.361468     1.43668      0.          51.343382     1.41738      2.27359719
   2.27359719]
894.0 1:[ 51.475493   -0.863813    0.         51.474953   -0.865903    5.5563012
   5.5563012]
5030.0 1:[ 51.482803    -1.554982     0.          51.69855     -0.426198
  66.83219995  66.83219995]
324.0 1:[ 56.398322    -3.470238     0.          56.397935    -3.44305      1.08429273
   1.08429273]
1779.0 1:[ 51.36676     -0.178485     1.          51.362933    -0.118853
   4.31418019   4.31418019]
3371.0 1:[ 51.760222    -0.339652     0.          51.637953    -0.46853     13.98830828
  13.98830828]
355.0 1:[ 51.47257    -0.85864     0.         51.472557   -0.859137    1.1582359
   1.1582359]
879.0 1:[ 53.726303    -1.8564       1.          53.723638    -1.946185
   4.88024934   4.88024934]
966.0 1:[ 53.728848    -1.862423     0.          53.723677    -1.946142
   4.79325738   4.79325738]
337.0 1:[ 53.730887    -1.981612     0.          53.723615    -1.946233
   1.64166269   1.64166269]
614.0 1:[ 51.591698    -3.218323     1.          51.567183    -3.230953
   2.97077567   2.97077567]
415.0 1:[ 51.403122    -0.748695     0.          51.403112    -0.748637
   1.62985664   1.62985664]
44.0 1:[  5.13987150e+01  -7.44790000e-01   0.00000000e+00   5.13986470e+01
  -7.44760000e-01   3.72822715e-03   3.72822715e-03]
2112.0 1:[ 53.786495    -1.717982     0.          53.92082     -1.775062
  12.49888153  12.49888153]
1435.0 1:[ 51.517657    -0.729418     0.          51.418752    -0.777872
  13.30790682  13.30790682]
1615.0 1:[ 51.418962    -0.777622     0.          51.517763    -0.728868
   9.92391931   9.92391931]
2430.0 1:[ 53.858728    -2.174955     0.          53.623945    -2.17666     24.45468464
  24.45468464]
73.0 1:[  5.11075600e+01  -1.04513300e+00   1.00000000e+00   5.11075630e+01
  -1.04522800e+00   3.72822715e-03   3.72822715e-03]
480.0 1:[ 51.555013    -0.611122     0.          51.560582    -0.61572      0.63131313
   0.63131313]
906.0 1:[ 51.459162    -0.997885     0.          51.459137    -0.997987
   3.27773304   3.27773304]
754.0 1:[ 51.4333      -1.075682     0.          51.4333      -1.075682
   4.47449396   4.47449396]
822.0 1:[ 51.483548    -1.085697     0.          51.483568    -1.085912
   4.58012706   4.58012706]
2787.0 1:[ 51.433228    -1.075852     0.          51.537533    -0.906055
  15.86174242  15.86174242]
1151.0 1:[ 51.536822    -1.024115     0.          51.534102    -0.894338
   8.71659508   8.71659508]
115.0 1:[ 53.56635     -0.624083     0.          53.564265    -0.624792
   0.29577269   0.29577269]
673.0 1:[  5.11827450e+01  -2.58050000e-02   0.00000000e+00   5.11363320e+01
  -9.74320000e-02   6.00368846e+00   6.00368846e+00]
1861.0 1:[ 51.781188     0.108        0.          51.874793     0.352935
  16.01584248  16.01584248]
586.0 1:[ 51.504432    -0.820867     0.          51.533513    -0.750445
   4.93182315   4.93182315]
1189.0 1:[ 55.871215    -3.102143     0.          55.958702    -3.122592
   6.95562913   6.95562913]
1492.0 1:[ 55.871375   -3.102158    0.         55.958835   -3.123137    7.0165235
   7.0165235]
227.0 1:[ 51.249312    -0.206947     0.          51.249312    -0.206947
   1.12095363   1.12095363]
359.0 1:[ 51.415743    -0.103865     1.          51.415882    -0.104097
   1.23839279   1.23839279]
516.0 1:[ 50.05234     -5.090373     0.          50.03627     -5.128468
   2.47305735   2.47305735]
