607.0 1:[ 50.811383    -0.772738     0.          50.8413      -0.774937
   4.11285592   4.11285592]
885.0 1:[ 51.434225    -0.902973     0.          51.47551     -0.864097
   5.42829874   5.42829874]
350.0 1:[ 51.368245    -0.157128     1.          51.367225    -0.178718
   1.41175535   1.41175535]
1383.0 1:[ 51.367115  -0.178773   1.        51.367053  -0.178717   4.814384
   4.814384]
3455.0 1:[  0.           0.           0.          52.759152    -1.299447
  55.81093912  55.81093912]
391.0 1:[ 51.98787     -0.23301      0.          51.98763     -0.233375
   1.30052991   1.30052991]
1535.0 1:[ 51.403682    -0.848107     0.          51.40307     -0.748715
   5.98939692   5.98939692]
429.0 1:[ 51.403128    -0.748518     0.          51.403815    -0.746907
   2.54886463   2.54886463]
639.0 1:[ 51.393305    -0.740802     0.          51.369377    -0.793453
   3.90221109   3.90221109]
1607.0 1:[ 51.418688    -0.777527     0.          51.517668    -0.728767
   9.84065557   9.84065557]
261.0 1:[ 51.672993    -0.276357     1.          51.672993    -0.276357
   1.33656943   1.33656943]
2810.0 1:[ 53.564228   -0.624768    1.         53.239603   -0.514247   26.2200002
  26.2200002]
627.0 1:[ 51.07391     -1.771562     0.          51.075078    -1.816463
   3.11369104   3.11369104]
1134.0 1:[ 54.565093    -5.978822     0.          54.565157    -5.979295
   0.95566889   0.95566889]
914.0 1:[  5.11828680e+01  -2.58620000e-02   0.00000000e+00   5.11251200e+01
  -1.82630000e-02   4.76094607e+00   4.76094607e+00]
1407.0 1:[ 51.507655    -0.0686       0.          51.507655    -0.0686       6.67974032
   6.67974032]
821.0 1:[ 53.003447    -2.131022     0.          53.038332    -2.171132
   4.49375646   4.49375646]
229.0 1:[ 51.520208    -0.619897     0.          51.523595    -0.622772
   0.43371709   0.43371709]
1344.0 1:[ 53.859797    -1.511102     0.          53.85984     -1.511132
   7.86904478   7.86904478]
881.0 1:[ 55.841507    -3.04022      0.          55.872198    -3.117217
   4.96040623   4.96040623]
103.0 1:[ 55.871292    -3.102158     0.          55.870883    -3.100193
   0.19697467   0.19697467]
874.0 1:[ 53.319507    -3.490157     0.          53.305093    -3.524268
   2.43266822   2.43266822]
264.0 1:[ 53.302823    -3.5431       0.          53.305082    -3.524425
   0.98984431   0.98984431]
1285.0 1:[ 51.243388    -0.204997     0.          51.31555     -0.064703
  11.80170305  11.80170305]
