109.0 1:[ 50.8877       0.319347     0.          50.887862     0.318517
   0.21685855   0.21685855]
1449.0 1:[ 50.932207     0.245212     0.          50.968925     0.094547
   9.61758331   9.61758331]
2594.0 1:[ 50.85289     -0.945763     0.          51.292847    -0.490068
  45.81680486  45.81680486]
567.0 1:[ 56.413862    -3.47312      0.          56.398253    -3.470192
   2.02504872   2.02504872]
695.0 1:[ 53.714598    -1.878273     1.          53.723242    -1.852087
   1.53851507   1.53851507]
1765.0 1:[ 53.723588    -1.946087     1.          53.732043    -1.717525
  11.45870616  11.45870616]
817.0 1:[ 53.727153   -1.872043    1.         53.722767   -1.856463    1.1625855
   1.1625855]
622.0 1:[ 53.723708    -1.946212     0.          53.724648    -1.887873
   4.28311163   4.28311163]
427.0 1:[ 51.426115    -0.732137     1.          51.40295     -0.748588
   3.07205917   3.07205917]
2729.0 1:[ 51.563237    -0.494478     1.          51.402985    -0.748593
  19.39796588  19.39796588]
482.0 1:[ 51.426942    -0.732133     0.          51.403178    -0.748743
   3.16899308   3.16899308]
422.0 1:[ 50.466372   -3.530395    0.         50.474715   -3.516052    1.1905472
   1.1905472]
986.0 1:[ 53.862353    -2.119765     0.          53.823423    -2.238075
   6.40198739   6.40198739]
660.0 1:[ 51.521105    -0.635268     0.          51.555018    -0.611108
   3.44923149   3.44923149]
2510.0 1:[ 51.352972    -0.972002     0.          51.433783    -1.076033
  13.23955599  13.23955599]
183.0 1:[ 51.38181     -2.367737     0.          51.381338    -2.369588
   0.33181222   0.33181222]
2434.0 1:[ 53.715882    -1.801615     0.          53.81475     -1.932328
  10.97155114  10.97155114]
3744.0 1:[ 53.715925    -1.801648     0.          53.944598    -2.113167
  26.96813111  26.96813111]
1456.0 1:[ 53.567997    -0.643585     0.          53.56414     -0.634937
   0.77422851   0.77422851]
152.0 1:[ 51.07451     -1.770697     0.          51.075803    -1.772902
   0.50766026   0.50766026]
668.0 1:[ 51.103125    -1.782095     0.          51.103125    -1.782095
   4.37631731   4.37631731]
1159.0 1:[  5.11826050e+01  -2.57680000e-02   0.00000000e+00   5.11251280e+01
  -1.83150000e-02   7.45893979e+00   7.45893979e+00]
55.0 1:[  5.11827400e+01  -2.59080000e-02   0.00000000e+00   5.11827700e+01
  -2.57980000e-02   2.29907341e-02   2.29907341e-02]
651.0 1:[ 51.40579     -0.065792     1.          51.440475    -0.05667      2.94716356
   2.94716356]
5081.0 1:[ 51.604762    -0.243418     1.          51.40579     -0.065618
  17.72212777  17.72212777]
3912.0 1:[ 51.871732     0.362592     0.          51.58196     -0.120317
  40.76878529  40.76878529]
1992.0 1:[ 51.533415    -0.750038     0.          51.456018    -0.968855
  13.45890002  13.45890002]
161.0 1:[ 52.022985    -0.497345     0.          52.030295    -0.493813
   0.76615068   0.76615068]
378.0 1:[ 55.884542    -3.114445     0.          55.882568    -3.08683      1.69385787
   1.69385787]
2356.0 1:[ 55.900297    -3.169702     0.          55.924563    -3.273613
   8.76941164   8.76941164]
