304.0 1:[  5.08734200e+01   1.51970000e-02   0.00000000e+00   5.08732370e+01
   1.55950000e-02   6.74809115e-01   6.74809115e-01]
471.0 1:[ 51.447877   -0.932575    0.          0.          0.          2.1741778
   2.1741778]
526.0 1:[ 51.427237    -0.876792     0.          51.472532    -0.859183
   3.54616539   3.54616539]
461.0 1:[ 52.299682    -0.614365     0.          52.331018    -0.616725
   3.28518949   3.28518949]
482.0 1:[ 51.402877    -0.748478     0.          51.403002    -0.748628
   2.42769725   2.42769725]
3107.0 1:[ 51.403158    -0.748702     0.          51.238625    -0.203798
  34.26799988  34.26799988]
509.0 1:[ 50.47474     -3.515917     0.          50.460112    -3.518858
   2.34319077   2.34319077]
5823.0 1:[ 51.416392    -0.755785     1.          51.350543    -0.194977
  35.01053846  35.01053846]
132.0 1:[ 51.3582      -0.190917     0.          51.350613    -0.194937
   0.64374056   0.64374056]
522.0 1:[ 53.786013    -2.239548     0.          53.807988    -2.224487
   1.77152927   1.77152927]
16278.0 1:[  51.555077     -0.61109       0.           53.395588     -2.9878
  191.07723395  191.07723395]
3052.0 1:[ 53.564467    -0.62466      0.          53.222043    -0.530585
  27.21730096  27.21730096]
1827.0 1:[ 51.07409     -1.771783     0.          51.17677     -1.75473     11.88807365
  11.88807365]
3879.0 1:[  5.18749180e+01   3.52837000e-01   0.00000000e+00   5.15433250e+01
  -9.82300000e-03   3.49558578e+01   3.49558578e+01]
411.0 1:[ 55.067652    -1.63647      0.          55.08626     -1.585883
   3.89102641   3.89102641]
455.0 1:[ 55.842658    -3.048937     0.          55.871203    -3.10221      3.18390599
   3.18390599]
1411.0 1:[ 51.40867     -0.2144       0.          51.371263    -0.165865
   4.37445319   4.37445319]
671.0 1:[ 51.236768    -0.20719      0.          51.236513    -0.207345
   1.29307345   1.29307345]
594.0 1:[  5.14058230e+01  -6.57500000e-02   0.00000000e+00   5.14169070e+01
  -4.46050000e-02   1.31792830e+00   1.31792830e+00]
5661.0 1:[ 51.100598    -1.787752     0.          51.390055    -0.323383
  74.57572775  74.57572775]
