337.0 1:[ 50.823935    -0.767702     0.          50.811368    -0.772762
   1.07435079   1.07435079]
2852.0 1:[ 51.850458    -1.228673     0.          52.22495     -1.538722
  40.51215899  40.51215899]
579.0 1:[ 51.361543     1.436698     0.          51.38626      1.37896      3.44488189
   3.44488189]
1126.0 1:[ 51.434103    -0.902838     0.          51.475463    -0.863778
   5.42208502   5.42208502]
244.0 1:[ 53.732235   -1.717755    0.         53.725103   -1.715785    0.9339209
   0.9339209]
700.0 1:[ 53.489977    -2.244358     0.          53.498498    -2.237383
   0.83636562   0.83636562]
2276.0 1:[ 53.723612    -1.945708     0.          53.732082    -1.71761     11.43571542
  11.43571542]
196.0 1:[ 52.043172    -0.356725     1.          51.984853    -0.233688
   0.64560467   0.64560467]
1544.0 1:[ 51.987762    -0.23276      0.          52.043948    -0.355895
  11.03865923  11.03865923]
484.0 1:[ 51.987832    -0.232892     0.          51.981203    -0.202732
   2.16609998   2.16609998]
254.0 1:[ 51.284483    -1.060272     0.          51.2929      -1.069133
   1.22534399   1.22534399]
900.0 1:[ 51.403033    -0.847422     0.          51.40296     -0.748648
   6.05091267   6.05091267]
609.0 1:[ 53.844573   -1.687982    0.         53.83027    -1.71242     1.7752575
   1.7752575]
678.0 1:[ 53.64655     -2.316398     1.          53.631172    -2.32891      2.09277818
   2.09277818]
607.0 1:[ 51.479247    -1.042472     0.          51.459188    -0.998717
   3.23237294   3.23237294]
79.0 1:[ 52.405392     0.723587     0.          52.404935     0.722737
   0.09693391   0.09693391]
1179.0 1:[ 51.479243   -1.042227    0.         51.479372   -1.042038    6.0049312
   6.0049312]
492.0 1:[  5.11827300e+01  -2.58630000e-02   1.00000000e+00   5.11827130e+01
  -2.58630000e-02   1.90885230e+00   1.90885230e+00]
1130.0 1:[ 51.869388     0.57312      0.          51.874748     0.352992
  12.60762149  12.60762149]
1027.0 1:[ 53.842823    -1.551292     0.          53.859883    -1.51108      4.57577746
   4.57577746]
