1038.0 1:[ 51.457642   -1.044637    0.         51.415977   -0.951717    8.4208224
   8.4208224]
299.0 1:[ 51.438977    -0.913902     0.          51.442068    -0.930282
   1.52173805   1.52173805]
632.0 1:[ 51.47557     -0.863783     0.          51.434285    -0.902867
   5.49975642   5.49975642]
1710.0 1:[ 51.515748    -0.590878     0.          51.432773    -0.853158
  16.59806729  16.59806729]
110.0 1:[ 51.483457    -1.558367     0.          51.482807    -1.554975
   0.23798517   0.23798517]
2875.0 1:[ 51.760347    -0.339822     0.          51.88828     -0.371968
  15.71261334  15.71261334]
372.0 1:[ 51.308733    -0.302503     0.          51.308733    -0.302503
   0.73011115   0.73011115]
2619.0 1:[ 53.732048    -1.717542     1.          53.723678    -1.946153
  11.29217868  11.29217868]
260.0 1:[ 53.731037    -1.982982     1.          53.7237      -1.946143
   1.68764416   1.68764416]
2723.0 1:[ 53.79412    -1.750183    0.         53.723572   -1.94621    12.5169013
  12.5169013]
184.0 1:[ 53.735623    -1.721185     0.          53.732033    -1.717593
   0.61080788   0.61080788]
1901.0 1:[ 51.631475    -3.00538      1.          51.567228    -3.23097     16.31347928
  16.31347928]
1267.0 1:[ 51.669712    -0.156852     0.          52.07474     -0.244245
   8.28847033   8.28847033]
410.0 1:[ 51.987853    -0.233005     0.          51.987815    -0.232995
   2.01448541   2.01448541]
194.0 1:[ 51.980182    -0.226657     0.          51.979488    -0.229387
   0.75123777   0.75123777]
1399.0 1:[ 51.50988     -0.59038      1.          51.403002    -0.748512
  19.59307643  19.59307643]
1148.0 1:[ 51.40317     -0.748717     0.          51.40266     -0.837802
   5.80112145   5.80112145]
225.0 1:[ 51.392787    -0.741562     0.          51.402983    -0.74862      0.95815438
   0.95815438]
487.0 1:[ 51.403005    -0.74859      0.          51.42729     -0.731833
   2.80549093   2.80549093]
369.0 1:[ 51.421783   -0.747645    0.         51.4032     -0.74872     1.9952229
   1.9952229]
1567.0 1:[ 51.418905    -0.777403     0.          51.517707    -0.729422
   9.87918059   9.87918059]
1664.0 1:[ 51.433323    -1.075642     0.          51.464155    -0.983668
   8.84211207   8.84211207]
852.0 1:[ 53.69803     -1.776082     0.          53.715897    -1.801643
   2.62902151   2.62902151]
578.0 1:[ 51.07516     -1.815987     0.          51.074105    -1.771693
   3.05341804   3.05341804]
464.0 1:[ 54.572882    -6.006928     0.          54.564973    -5.979067
   1.66341068   1.66341068]
549.0 1:[ 54.581577    -5.938442     0.          54.577567    -5.962242
   1.48631989   1.48631989]
1828.0 1:[ 55.086678    -1.586258     0.          55.100783    -1.591033
   1.69075101   1.69075101]
723.0 1:[ 51.521058    -0.752793     1.          51.517555    -0.716527
   2.00827169   2.00827169]
650.0 1:[ 51.521125    -0.752667     0.          51.522772    -0.714372
   2.04555396   2.04555396]
1576.0 1:[ 51.40108    -0.238535    0.         51.42597    -0.200907    3.0347769
   3.0347769]
146.0 1:[ 53.302755    -3.543093     0.          53.3022      -3.539773
   0.18827547   0.18827547]
