35.0 1:[  5.08636250e+01   2.32455000e-01   1.00000000e+00   5.08636670e+01
   2.32437000e-01   3.72822715e-03   3.72822715e-03]
912.0 1:[ 52.010733   -0.735862    0.         52.068142   -0.736815    5.6706335
   5.6706335]
1014.0 1:[ 51.475362  -0.864007   0.        51.475477  -0.864428   5.547602
   5.547602]
2659.0 1:[ 56.473382    -2.96061      0.          56.398292    -3.470227
  26.41821761  26.41821761]
322.0 1:[ 56.395937    -3.453207     0.          56.398272    -3.470197
   1.00413585   1.00413585]
567.0 1:[ 52.291392    -0.667383     0.          52.330885    -0.616805
   5.70170206   5.70170206]
2737.0 1:[ 53.723617   -1.94619     0.         53.732082   -1.717553   10.9205987
  10.9205987]
2443.0 1:[ 53.723497    -1.945767     0.          53.732073    -1.71758     10.97962897
  10.97962897]
425.0 1:[ 51.41401     -0.757743     0.          51.403078    -0.748727
   1.96229023   1.96229023]
6639.0 1:[ 51.238538    -0.203782     0.          51.393138    -0.740547
  32.24854351  32.24854351]
937.0 1:[ 51.569273     0.121435     0.          51.569127     0.147128
   2.86638531   2.86638531]
505.0 1:[ 53.860267    -2.164433     1.          53.862327    -2.119842
   2.35996779   2.35996779]
2536.0 1:[ 51.536848    -1.02416      0.          51.43332     -1.07601     11.35183031
  11.35183031]
578.0 1:[ 53.69839     -1.777242     0.          53.715895    -1.80164      1.75848047
   1.75848047]
2740.0 1:[ 53.239508    -0.5145       0.          53.56426     -0.624775
  26.24423368  26.24423368]
236.0 1:[ 51.074188    -1.771735     0.          51.075057    -1.773263
   0.53748608   0.53748608]
1757.0 1:[ 52.03906    -0.688573    0.         52.024382   -0.78361     8.3885111
   8.3885111]
271.0 1:[ 53.786428    -1.543668     0.          53.786455    -1.54371      0.92087211
   0.92087211]
821.0 1:[ 55.87141     -3.102348     1.          55.841478    -3.040388
   3.46662988   3.46662988]
1139.0 1:[ 55.938252    -3.104832     1.          55.841483    -3.040387
  10.47880379  10.47880379]
791.0 1:[ 55.935928    -3.17995      0.          55.900277    -3.169698
   2.89621113   2.89621113]
601.0 1:[ 55.841478    -3.040338     0.          55.882633    -3.086997
   4.08986519   4.08986519]
1976.0 1:[ 53.302615   -3.543005    0.         53.32474    -3.83389    17.5748628
  17.5748628]
1430.0 1:[ 51.447068    -0.062383     0.          51.388193    -0.089697
   4.49313509   4.49313509]
