1300.0 1:[ 50.877198    0.535237    1.         50.889537    0.320547   13.3364899
  13.3364899]
1125.0 1:[ 51.434152    -0.902967     0.           0.           0.           5.42022091
   5.42022091]
656.0 1:[ 51.438392    -0.903205     0.          51.475407    -0.864107
   5.38293864   5.38293864]
1163.0 1:[ 51.457812    -1.04466      0.          51.42309     -0.934463
   8.39037521   8.39037521]
1675.0 1:[ 51.698395    -0.425173     0.          51.820097    -0.31884     17.76375964
  17.76375964]
252.0 1:[ 53.732218    -1.717352     0.          53.725067    -1.715293
   0.90720194   0.90720194]
38.0 1:[  5.20372000e+01  -3.38560000e-01   0.00000000e+00   5.20372720e+01
  -3.38652000e-01   9.32056788e-03   9.32056788e-03]
672.0 1:[ 51.949587    -0.276612     0.          51.987852    -0.232977
   3.94570707   3.94570707]
297.0 1:[ 51.403102    -0.748757     0.          51.413177    -0.752882
   0.95256204   0.95256204]
350.0 1:[ 53.823495    -2.238067     0.          53.808008    -2.224575
   1.60003082   1.60003082]
349.0 1:[  5.11075680e+01  -1.04504800e+00   1.00000000e+00   5.11075980e+01
  -1.04517700e+00   1.05633103e-02   1.05633103e-02]
805.0 1:[ 51.479185    -1.042328     0.          51.467663    -0.974488
   5.25928577   5.25928577]
859.0 1:[ 51.65476     -0.278052     1.          51.592795    -0.258195
   3.02980593   3.02980593]
1940.0 1:[ 51.433748    -1.075862     0.          51.536817    -1.02414     11.00137696
  11.00137696]
1985.0 1:[ 51.433392   -1.075863    0.         51.412785   -0.946402   12.3248976
  12.3248976]
2818.0 1:[ 53.239595    -0.514263     1.          53.564247    -0.624798
  26.19825221  26.19825221]
626.0 1:[ 54.57268     -6.007022     0.          54.574085    -5.986433
   1.14332299   1.14332299]
164.0 1:[  5.11829500e+01  -2.58150000e-02   0.00000000e+00   5.11745580e+01
  -1.76030000e-02   8.22695459e-01   8.22695459e-01]
1903.0 1:[ 51.882377    -0.515183     1.          52.024372    -0.7836      16.54711485
  16.54711485]
4369.0 1:[ 55.895447   -3.51336     0.         55.960803   -3.131667   23.0342301
  23.0342301]
449.0 1:[ 51.215295    -0.20485      0.          51.236835    -0.207317
   1.72741191   1.72741191]
381.0 1:[ 51.415882    -0.104097     1.          51.407712    -0.091903
   1.56709815   1.56709815]
