885.0 1:[  0.           0.           0.          50.932218     0.2452       4.96351308
   4.96351308]
4916.0 1:[ 51.408945    -0.635698     0.          51.65532     -0.397015
  31.01450032  31.01450032]
4665.0 1:[ 52.482625    -1.892982     0.          52.331025    -0.61677     62.93930943
  62.93930943]
1508.0 1:[ 53.723577    -1.946148     1.          53.73202     -1.717405
  11.16106935  11.16106935]
1038.0 1:[ 53.722798    -1.856512     1.          53.723642    -1.946162
   4.69321661   4.69321661]
521.0 1:[ 51.590488    -3.197998     1.          51.567258    -3.230988
   2.78747117   2.78747117]
2188.0 1:[  5.19878350e+01  -2.32905000e-01   0.00000000e+00   5.17992330e+01
  -2.00220000e-02   1.96645341e+01   1.96645341e+01]
1173.0 1:[ 51.350982   -0.194698    1.         51.368605   -0.210243    4.0550684
   4.0550684]
304.0 1:[ 51.349262    -0.204558     0.          51.350667    -0.194807
   1.58698202   1.58698202]
2773.0 1:[ 51.638102    -0.465677     0.          51.555015    -0.61114     12.38703472
  12.38703472]
2087.0 1:[ 53.470237    -2.223623     0.          53.453672    -2.026222
   9.36468524   9.36468524]
2344.0 1:[ 51.716535    -0.279123     1.          51.58517     -0.221228
  14.63391295  14.63391295]
205.0 1:[ 51.663052    -0.287233     1.          51.662962    -0.287338
   0.63131313   0.63131313]
280.0 1:[ 51.673078    -0.276253     1.          51.67158     -0.276903
   1.42542551   1.42542551]
692.0 1:[ 54.637382    -2.654217     0.          54.657463    -2.745857
   4.68016782   4.68016782]
428.0 1:[ 53.564217    -0.624758     0.          53.564268    -0.624792
   0.63069176   0.63069176]
1528.0 1:[ 54.572663    -6.007107     0.          54.599142    -5.935653
   5.32950072   5.32950072]
261.0 1:[  5.14117250e+01  -4.88570000e-02   1.00000000e+00   5.14091450e+01
  -5.80850000e-02   8.84832578e-01   8.84832578e-01]
738.0 1:[ 53.026268    -2.172218     1.          53.026833    -2.209563
   3.24728585   3.24728585]
2378.0 1:[ 50.0922      -5.262398     0.          50.151257    -5.686       21.64235863
  21.64235863]
1107.0 1:[ 51.24934    -0.207062    0.         51.24935    -0.207137    3.1447596
   3.1447596]
335.0 1:[ 51.415838    -0.104068     1.          51.415838    -0.104068
   0.98176648   0.98176648]
2299.0 1:[ 53.666343    -1.514307     0.          53.799432    -1.539008
  14.88805377  14.88805377]
