294.0 1:[ 50.786788     0.30268      1.          50.792727     0.283932
   1.31233596   1.31233596]
3842.0 1:[ 50.844743     0.505005     0.          50.889552     0.320452
  29.38837191  29.38837191]
814.0 1:[ 51.475408    -0.864063     1.          51.431875    -0.905752
   5.53952418   5.53952418]
706.0 1:[ 51.42704     -0.936592     1.          51.450253    -0.927005
   2.87632725   2.87632725]
708.0 1:[ 51.42301     -0.934147     0.          51.435775    -0.898985
   2.60975901   2.60975901]
300.0 1:[ 51.49053     -0.871562     0.          51.472492    -0.859148
   1.67148851   1.67148851]
178.0 1:[ 52.324853    -0.614375     0.          52.331013    -0.616785
   0.64995427   0.64995427]
829.0 1:[  0.           0.           0.          52.29107     -0.66751      6.57410721
   6.57410721]
2147.0 1:[ 53.72367     -1.946198     0.          53.73192     -1.717435
  11.48107552  11.48107552]
5480.0 1:[ 51.403303    -0.748768     1.          51.847792    -2.17208     79.59889247
  79.59889247]
214.0 1:[ 51.403362    -0.847983     1.          51.403362    -0.847983
   0.80964666   0.80964666]
366.0 1:[ 51.393382    -0.7405       0.          51.403063    -0.748687
   0.98673745   0.98673745]
292.0 1:[ 51.350335    -0.194613     0.          51.349288    -0.204647
   1.32476338   1.32476338]
1585.0 1:[ 51.418688    -0.777508     0.          51.517758    -0.728832
   9.87172413   9.87172413]
353.0 1:[ 51.107583    -1.045102     1.          51.111455    -1.044203
   0.84257934   0.84257934]
2780.0 1:[ 51.605805    -0.190483     1.          51.563832    -0.251378
  10.45705579  10.45705579]
127.0 1:[ 0.          0.          0.          0.          0.          0.39892031
  0.39892031]
442.0 1:[ 53.71606     -1.801383     0.          53.724363    -1.77796      1.91568739
   1.91568739]
670.0 1:[  5.14570280e+01   3.10750000e-02   0.00000000e+00   5.14604780e+01
   2.84020000e-02   4.05755389e-01   4.05755389e-01]
622.0 1:[ 53.564227    -0.624753     1.          53.564277    -0.624783
   1.77712161   1.77712161]
512.0 1:[ 53.564263    -0.624812     0.          53.56422     -0.624738
   1.83677324   1.83677324]
829.0 1:[ 51.07414     -1.771718     0.          51.074165    -1.771032
   4.54719438   4.54719438]
2422.0 1:[ 54.010603    -1.537002     0.          53.999933    -1.445542
  10.26194524  10.26194524]
736.0 1:[ 51.214465    -0.0515       1.          51.143342    -0.062262
   7.14763282   7.14763282]
1411.0 1:[  5.14056720e+01  -6.51530000e-02   1.00000000e+00   5.14310230e+01
  -3.44530000e-02   3.68162431e+00   3.68162431e+00]
1354.0 1:[ 51.406012    -0.066155     0.          51.414643    -0.075365
   4.22159588   4.22159588]
28.0 1:[  5.18745000e+01   3.52988000e-01   0.00000000e+00   5.18745000e+01
   3.52988000e-01   3.10685596e-03   3.10685596e-03]
328.0 1:[ 55.100667    -1.591153     0.          55.086555    -1.58599      1.65968245
   1.65968245]
823.0 1:[ 53.003483    -2.130922     1.          53.038363    -2.171098
   4.46393065   4.46393065]
1657.0 1:[ 51.520722    -0.619467     0.          51.533525    -0.75038     10.43717192
  10.43717192]
638.0 1:[ 51.522703    -0.714252     1.          51.521078    -0.75277      2.14994433
   2.14994433]
1256.0 1:[ 52.022807    -0.497057     0.          51.959637    -0.514787
  10.68758451  10.68758451]
1019.0 1:[ 51.408548    -0.214727     0.          51.416077    -0.179683
   1.70379981   1.70379981]
1176.0 1:[ 51.350753    -0.662687     1.          51.275953    -0.748125
   8.63519546   8.63519546]
561.0 1:[ 51.245557    -0.759242     1.          51.276008    -0.748133
   3.81770461   3.81770461]
775.0 1:[ 51.315677    -0.740122     0.          51.275997    -0.74818      4.22221725
   4.22221725]
266.0 1:[ 53.305577    -3.52418      0.          53.302785    -3.542988
   0.95939712   0.95939712]
340.0 1:[ 51.40787     -0.093925     1.          51.40787     -0.093925
   0.94199873   0.94199873]
1145.0 1:[ 51.408733    -0.094613     1.          51.40769     -0.09417      2.72657679
   2.72657679]
827.0 1:[ 53.666287    -1.514153     0.          53.666287    -1.514153
   3.91153166   3.91153166]
