198.0 1:[ 50.889457     0.324747     1.          50.889552     0.320518
   0.81710312   0.81710312]
488.0 1:[ 50.781597    -0.825423     0.          50.811413    -0.772733
   3.67168237   3.67168237]
461.0 1:[ 50.835055    -0.799255     0.          50.81141     -0.772748
   3.55362185   3.55362185]
1688.0 1:[ 51.520252    -0.591543     0.          51.434258    -0.903012
  17.11566949  17.11566949]
4301.0 1:[ 51.698542    -0.426117     0.          51.375623    -0.966108
  43.13869502  43.13869502]
509.0 1:[ 56.403377    -3.434625     0.          56.398267    -3.47017      1.78582081
   1.78582081]
1383.0 1:[ 51.901683    -0.38789      0.          51.760317    -0.339833
  12.76110017  12.76110017]
1511.0 1:[ 51.472628    -0.859198     0.          51.43755     -1.075167
  16.35511115  16.35511115]
313.0 1:[ 52.300645    -0.615062     0.          52.331037    -0.616747
   3.16526485   3.16526485]
251.0 1:[ 53.732102    -1.7176       1.          53.724852    -1.71554      0.91465839
   0.91465839]
1714.0 1:[ 53.744978   -1.648015    0.         53.723593   -1.946223   14.5810964
  14.5810964]
1372.0 1:[ 50.855427     0.473332     0.          50.838357     0.473945
   2.99003818   2.99003818]
3871.0 1:[ 51.5118      -2.159402     0.          51.403117    -0.74871     66.95150322
  66.95150322]
1175.0 1:[ 51.323738    -0.199282     0.          51.35095     -0.194702
   3.53684483   3.53684483]
723.0 1:[ 51.4188      -0.77784      0.          51.414975    -0.746422
   2.30218027   2.30218027]
2020.0 1:[ 51.41889   -0.777538   0.        51.517708  -0.729275   9.831335
   9.831335]
250.0 1:[ 51.479238    -1.04236      0.          51.479662    -1.041687
   0.84009385   0.84009385]
1269.0 1:[ 51.681975    -1.262107     1.          51.727348    -1.25223      4.52296091
   4.52296091]
246.0 1:[ 53.726155    -1.85648      0.          53.726377    -1.85301      0.34548238
   0.34548238]
506.0 1:[ 51.105723    -1.783417     0.          51.078787    -1.772042
   3.91774537   3.91774537]
1477.0 1:[ 51.074085    -1.77174      0.          51.064123    -1.789395
   6.11429253   6.11429253]
1483.0 1:[  5.11255430e+01  -1.81680000e-02   0.00000000e+00   5.11254780e+01
  -1.79470000e-02   3.12052613e+00   3.12052613e+00]
283.438 1:[  0.           0.           0.          51.454078    -0.057753
   0.67853734   0.67853734]
1588.0 1:[ 51.688198    -0.121517     0.          51.688553    -0.130858
  21.77781755  21.77781755]
948.0 1:[ 53.037673    -2.169863     1.          53.003508    -2.13124      4.04885469
   4.04885469]
630.0 1:[ 52.038103    -0.777717     0.          52.043332    -0.752577
   2.48672751   2.48672751]
1245.0 1:[ 55.87121     -3.10226      0.          55.958657    -3.123082
   7.01093116   7.01093116]
626.0 1:[ 51.408448    -0.214312     1.          51.426157    -0.200635
   1.75599499   1.75599499]
585.0 1:[ 51.408672    -0.214737     0.          51.401772    -0.24058      1.51117474
   1.51117474]
