652.0 1:[ 50.889535     0.320403     0.          50.86471      0.260177
   3.74562555   3.74562555]
361.0 1:[ 50.824147    -0.787445     0.          50.811403    -0.772698
   3.29264595   3.29264595]
2052.0 1:[ 51.482422    -1.554762     0.          51.434187    -0.902882
  29.43124652  29.43124652]
1069.0 1:[ 51.434135    -0.903005     0.          51.420877    -1.015052
   8.63457409   8.63457409]
339.0 1:[ 56.341153    -3.293468     1.          56.332552    -3.311077
   1.14083751   1.14083751]
555.0 1:[ 51.472357    -0.858857     0.          51.490598    -0.871693
   1.65160463   1.65160463]
1554.0 1:[ 52.402932    -0.74379      0.          52.29966     -0.614298
  13.01275551  13.01275551]
226.0 1:[ 51.987862    -0.232875     0.          51.98572     -0.234097
   0.76055834   0.76055834]
2575.0 1:[ 51.214598    -0.806903     0.          51.418763    -0.777873
  21.49509365  21.49509365]
641.0 1:[ 51.539812    -0.571513     0.          51.55528     -0.611118
   4.16132287   4.16132287]
406.0 1:[ 51.43482     -0.96948      0.          51.435538    -0.974448
   0.30757874   0.30757874]
587.0 1:[ 53.715873    -1.801677     0.          53.69808     -1.776185
   2.03064106   2.03064106]
1359.0 1:[ 53.565955    -0.624458     1.          53.585452    -0.637982
   2.38544401   2.38544401]
190.0 1:[ 53.560932    -0.638565     1.          53.568018    -0.643655
   0.70214945   0.70214945]
808.0 1:[  5.14312600e+01  -3.48900000e-02   1.00000000e+00   5.14058080e+01
  -6.55800000e-02   2.72222719e+00   2.72222719e+00]
2833.0 1:[ 51.294627    -0.859013     1.          50.98633     -1.27654     37.55753897
  37.55753897]
635.0 1:[ 51.808392     0.13701      0.           0.           0.           6.33674342
   6.33674342]
1125.456 1:[ 55.844098    -3.032825     1.          55.95878     -3.123038
  11.61839855  11.61839855]
1830.0 1:[ 51.220513   -0.78354     1.         51.351857   -0.66281    12.6181848
  12.6181848]
