87.0 1:[  5.08214370e+01  -1.47345000e-01   0.00000000e+00   5.08213370e+01
  -1.47298000e-01   1.80197646e-02   1.80197646e-02]
400.0 1:[ 50.832047    -0.75648      0.          50.835795    -0.776633
   1.05633103   1.05633103]
455.0 1:[ 51.343485     1.416637     0.          51.361445     1.436763
   1.86038535   1.86038535]
514.0 1:[ 51.472408    -0.859193     0.          51.472505    -0.859188
   1.56958363   1.56958363]
712.0 1:[ 51.591423    -3.199342     0.          51.567277    -3.230968
   4.24769347   4.24769347]
1241.0 1:[ 53.8451      -1.687722     0.          53.82487     -1.77889      4.96661994
   4.96661994]
2670.0 1:[ 53.86251     -2.119848     0.          53.713018    -2.477697
  21.01042412  21.01042412]
285.0 1:[ 51.660778    -0.279107     0.          51.661       -0.278387
   1.52733039   1.52733039]
1139.0 1:[ 51.537003    -1.024015     0.          51.534073    -0.894083
   8.92413306   8.92413306]
954.0 1:[ 52.810355    -0.137977     0.          52.779058    -0.17526      3.43991092
   3.43991092]
331.0 1:[ 52.779113    -0.175178     0.          52.787412    -0.153878
   1.25082021   1.25082021]
4292.0 1:[ 53.564382    -0.624655     0.          53.222032    -0.530598
  46.98622544  46.98622544]
142.0 1:[  5.11756400e+01  -2.09780000e-02   1.00000000e+00   5.11827320e+01
  -2.58430000e-02   7.45024059e-01   7.45024059e-01]
277.0 1:[  5.12145150e+01  -5.14550000e-02   1.00000000e+00   5.11827280e+01
  -2.58050000e-02   2.93411477e+00   2.93411477e+00]
1471.0 1:[  5.11253170e+01  -1.81130000e-02   0.00000000e+00   5.11827620e+01
  -2.58000000e-02   5.81541299e+00   5.81541299e+00]
1693.0 1:[ 51.405723    -0.065475     0.          51.419837    -0.077697
   4.06252485   4.06252485]
227.0 1:[ 53.038383    -2.171132     0.          53.037572    -2.17         0.17211982
   0.17211982]
1023.0 1:[ 55.938462   -3.105438    0.         55.84145    -3.040435   10.4763183
  10.4763183]
149.0 1:[ 53.302712    -3.543243     0.          53.3001      -3.543205
   0.35790981   0.35790981]
337.0 1:[ 53.302677    -3.542907     0.          53.30271     -3.543125
   0.63441999   0.63441999]
458.0 1:[ 51.249535    -0.206733     0.          51.249367    -0.207082
   2.33014197   2.33014197]
171.0 1:[ 51.409177    -0.106323     1.          51.412407    -0.111305
   0.92397896   0.92397896]
