888.0 1:[ 50.811383    -0.772655     0.          50.841468    -0.774443
   4.10912769   4.10912769]
83.0 1:[ 50.811245    -0.77569      0.          50.81139     -0.772773
   0.16901296   0.16901296]
896.0 1:[ 51.434208    -0.902965     0.          51.475412    -0.864098
   5.42146365   5.42146365]
536.0 1:[ 51.348317    -0.163488     1.          51.36721     -0.178675
   1.96663982   1.96663982]
258.0 1:[ 52.293955    -0.68379      0.          52.293083    -0.685733
   0.22307226   0.22307226]
1802.0 1:[ 53.73212     -1.717522     1.          53.714573    -1.877873
   8.53639744   8.53639744]
838.0 1:[ 53.723678    -1.946478     0.          53.725238    -1.887843
   4.30672373   4.30672373]
26.0 1:[  5.37251050e+01  -1.71572800e+00   0.00000000e+00   5.37254970e+01
  -1.71578500e+00   2.79617037e-02   2.79617037e-02]
1947.0 1:[ 51.59118     -3.199215     0.          51.567268    -3.231003
  23.20200032  23.20200032]
609.0 1:[ 51.988918  -0.218227   0.        51.988918  -0.218227   2.182877
   2.182877]
315.0 1:[ 53.866888   -1.694762    0.         53.857622   -1.678907    1.5465929
   1.5465929]
1663.0 1:[ 51.517812    -0.728887     0.          51.418768    -0.777863
  13.30045037  13.30045037]
244.0 1:[ 53.859297   -2.170755    0.         53.858753   -2.174903    0.2522767
   0.2522767]
36.0 1:[  5.11075150e+01  -1.04514800e+00   1.00000000e+00   5.11075700e+01
  -1.04515300e+00   6.21371192e-03   6.21371192e-03]
209.0 1:[ 51.668072    -0.283163     1.          51.668072    -0.283163
   0.98735882   0.98735882]
606.0 1:[ 53.715865    -1.801595     0.          53.698233    -1.778565
   2.08035075   2.08035075]
591.0 1:[ 53.765957    -1.678963     0.          53.744693    -1.697553
   2.32703511   2.32703511]
336.0 1:[ 51.07406     -1.77168      0.          51.074023    -1.771548
   1.37385171   1.37385171]
1282.0 1:[  5.11826870e+01  -2.55730000e-02   1.00000000e+00   5.12773350e+01
  -2.09910000e-01   1.40398821e+01   1.40398821e+01]
2179.0 1:[  5.14056520e+01  -6.58720000e-02   1.00000000e+00   5.14117250e+01
  -4.88570000e-02   7.48255190e+00   7.48255190e+00]
1976.0 1:[ 52.437532    -1.432633     0.          52.20113     -1.712328
  23.57047344  23.57047344]
1568.0 1:[ 53.859783    -1.511045     0.          53.981465    -1.571832
  12.41126819  12.41126819]
65.0 1:[ 55.962745    -2.459025     0.          55.962873    -2.457287
   0.09196294   0.09196294]
280.0 1:[ 51.266322    -0.720623     1.          51.290015    -0.724293
   1.78084984   1.78084984]
441.0 1:[ 51.346775    -0.712688     0.          51.314763    -0.745648
   3.04658296   3.04658296]
1102.0 1:[ 51.24938     -0.206783     0.          51.241345    -0.101488
   6.44983298   6.44983298]
