986.0 1:[ 50.863933     0.256383     0.          50.879588     0.289598
   4.48132904   4.48132904]
1727.0 1:[ 50.811518    -0.772662     0.          50.801478    -1.092583
  19.54274537  19.54274537]
721.0 1:[ 50.811218    -0.775665     0.          50.781472    -0.825692
   4.64288555   4.64288555]
365.0 1:[ 50.802433    -0.80795      0.          50.811377    -0.772738
   2.25682017   2.25682017]
855.0 1:[ 51.47573     -0.863495     1.          51.463403    -0.86043      5.45191084
   5.45191084]
223.0 1:[ 51.424847   -0.937757    0.         51.424847   -0.937757    0.5952736
   0.5952736]
2938.0 1:[ 51.698475   -0.425927    0.         51.637962   -0.468447    6.0739034
   6.0739034]
641.0 1:[ 51.3671    -0.178585   1.        51.358015  -0.148588   2.182877
   2.182877]
609.0 1:[ 52.291032    -0.66708      0.          52.331055    -0.616775
   5.79117951   5.79117951]
7919.0 1:[  51.308835    -0.302818     0.          51.527325    -1.729058
  110.6475682  110.6475682]
326.0 1:[ 51.282238    -0.384012     0.          51.282142    -0.384338
   3.04161199   3.04161199]
898.0 1:[ 53.726468   -1.853168    1.         53.7236     -1.94618     4.8510449
   4.8510449]
4242.0 1:[ 53.468038    -2.35093      0.          53.714317    -1.920823
  29.59404577  29.59404577]
282.0 1:[ 51.591802    -3.226688     0.          51.591423    -3.199342
   1.42418277   1.42418277]
326.0 1:[ 51.395608    -0.736847     0.          51.402958    -0.748607
   1.11163306   1.11163306]
2049.0 1:[ 51.393108    -0.740627     0.          51.398707    -0.744812
   1.04701046   1.04701046]
1076.0 1:[ 51.350508    -0.194665     0.          51.369768    -0.081422
   5.69486698   5.69486698]
2161.0 1:[ 53.698457    -1.266353     0.          53.786463    -1.717848
  26.01743319  26.01743319]
2224.0 1:[ 51.222595    -0.776022     0.          51.41876     -0.777883
  20.10632904  20.10632904]
629.0 1:[ 53.86227     -2.121335     0.          53.85929     -2.170705
   2.16175038   2.16175038]
2631.0 1:[ 51.433452    -1.076043     0.          51.554973    -0.614202
  25.90185815  25.90185815]
619.0 1:[ 51.479285    -1.042273     0.          51.460752    -0.994467
   3.17582816   3.17582816]
1964.0 1:[ 51.53403     -0.894002     0.          51.53666     -1.024022
   8.08838881   8.08838881]
764.0 1:[ 51.422507    -0.935033     1.          51.43566     -0.97323      3.26033465
   3.26033465]
511.0 1:[ 51.874145    0.349728    0.         51.872258    0.345892    5.6836823
   5.6836823]
1254.0 1:[ 55.871252  -3.102325   0.        55.958457  -3.122512   7.445891
   7.445891]
1738.0 1:[ 51.347745    -0.148278     0.          51.408477    -0.214702
   6.58032093   6.58032093]
1525.0 1:[ 51.27596     -0.74791      0.          51.357663    -0.696028
   7.01465939   7.01465939]
353.0 1:[ 51.275918    -0.74817      0.          51.293548    -0.7535       1.48197029
   1.48197029]
1073.839 1:[  0.           0.           0.          51.45406     -0.057833
   4.17126481   4.17126481]
