967.0 1:[ 50.88962      0.3205       0.          50.87967      0.23092      5.51031973
   5.51031973]
1114.0 1:[ 51.439383    -1.074627     1.          51.434267    -0.902775
   8.95458025   8.95458025]
1447.0 1:[ 51.435757    -0.898958     0.          51.434125    -0.903035
  12.37398592  12.37398592]
2107.0 1:[ 51.698657    -0.42575      0.          51.637917    -0.468325
   6.14784658   6.14784658]
623.0 1:[ 56.398088    -3.470157     1.          56.402878    -3.43614      2.15429392
   2.15429392]
194.0 1:[ 56.397938    -3.481235     0.          56.398298    -3.470212
   0.46416428   0.46416428]
1456.0 1:[ 56.482253   -2.99791     0.         56.460585   -2.975412    3.0478257
   3.0478257]
479.0 1:[ 51.356203    -0.174723     1.          51.3669      -0.178617
   0.98425197   0.98425197]
64.0 1:[  5.14725570e+01  -8.59137000e-01   0.00000000e+00   5.14726000e+01
  -8.59062000e-01   6.21371192e-03   6.21371192e-03]
1397.0 1:[ 53.723545   -1.946188    1.         53.732013   -1.717442   11.1449137
  11.1449137]
401.0 1:[ 51.40307     -0.748737     0.          51.402962    -0.748543
   2.80114133   2.80114133]
1505.0 1:[ 51.517607    -0.728635     0.          51.418735    -0.77787     13.25198342
  13.25198342]
1457.0 1:[ 53.80803     -2.224768     0.          53.690927    -2.326917
  12.47402668  12.47402668]
1031.0 1:[ 51.4334      -1.075807     0.          51.479347    -1.042462
   6.56975762   6.56975762]
291.0 1:[ 51.473498    -1.049873     0.          51.474012    -1.049432
   0.90347371   0.90347371]
1030.0 1:[ 51.478703    -0.965198     0.          51.47351     -1.034768
   5.36926847   5.36926847]
1927.0 1:[ 51.577692   -0.781108    1.         51.53682    -1.02411    16.0413187
  16.0413187]
1752.0 1:[ 51.536832    -1.024145     0.          51.433317    -1.07601     11.34313111
  11.34313111]
2160.0 1:[ 51.433105    -1.075897     0.          51.53682     -1.02414     11.87253937
  11.87253937]
539.0 1:[ 53.698385    -1.777965     0.          53.715867    -1.80161      1.76096596
   1.76096596]
813.0 1:[ 53.751778  -1.818713   0.        53.715908  -1.801658   2.998116
   2.998116]
2839.0 1:[ 53.564285    -0.624675     1.          53.239457    -0.514402
  26.21192237  26.21192237]
2417.0 1:[ 51.455057    -0.05875      0.          51.47013     -0.091213
   5.63459397   5.63459397]
2223.0 1:[ 51.47025     -0.091153     0.          51.405848    -0.065752
   6.45231846   6.45231846]
3247.0 1:[ 50.146037    -5.06993      0.          50.125808    -5.478783
  24.69266981  24.69266981]
2361.0 1:[ 55.943323    -3.183757     0.          55.841478    -3.04041      9.74620715
   9.74620715]
668.0 1:[ 51.408415    -0.214638     0.          51.393955    -0.206778
   2.17728466   2.17728466]
160.0 1:[ 53.678253   -1.499087    0.         53.678298   -1.497283    0.5176022
   0.5176022]
