3485.0 1:[ 50.811482    -0.772793     0.          50.79621     -1.104735
  20.24427344  20.24427344]
339.0 1:[ 51.423038    -0.93436      0.          51.423042    -0.932365
   1.72306232   1.72306232]
736.0 1:[ 52.331025    -0.616715     0.          52.290935    -0.667533
   6.53806768   6.53806768]
677.0 1:[ 53.72362     -1.946207     1.          53.714598    -1.878273
   3.46600851   3.46600851]
1838.0 1:[ 53.73221     -1.717738     1.          53.723652    -1.946228
  11.33629603  11.33629603]
67.0 1:[  5.37319150e+01  -1.71752200e+00   0.00000000e+00   5.37320280e+01
  -1.71727700e+00   6.21371192e-04   6.21371192e-04]
231.0 1:[ 51.978328    -0.23198      0.          51.978328    -0.23198      0.76677205
   0.76677205]
1004.0 1:[ 51.433963    -1.075978     0.          51.47927     -1.042392
   6.14163286   6.14163286]
1892.0 1:[ 51.536805    -1.024078     0.          51.536807    -1.02414     13.78201304
  13.78201304]
143.0 1:[ 51.536772    -1.024093     0.          51.531173    -1.024077
   0.44925137   0.44925137]
863.0 1:[ 52.779157    -0.17535      1.          52.789227    -0.15458      1.71312038
   1.71312038]
718.0 1:[ 53.698073    -1.778178     0.          53.715898    -1.801643
   1.98528096   1.98528096]
442.0 1:[ 53.564257    -0.624748     0.          53.562627    -0.613743
   1.62115744   1.62115744]
3585.0 1:[ 53.564315   -0.62465     0.         53.222045   -0.530588   27.1495715
  27.1495715]
354.0 1:[  0.           0.           0.          51.062462    -1.77407      1.26511175
   1.26511175]
460.0 1:[ 51.074052    -1.771772     0.          51.062622    -1.774492
   2.09712777   2.09712777]
867.0 1:[ 51.07407     -1.771728     0.           0.           0.           2.10272011
   2.10272011]
639.0 1:[ 53.038307    -2.171148     1.          53.018943    -2.134768
   2.65139088   2.65139088]
2826.0 1:[ 52.024468    -0.783605     0.          51.618797    -0.301463
  43.02498409  43.02498409]
380.0 1:[ 51.51767     -0.716475     1.          51.5228      -0.714307
   0.81710312   0.81710312]
127.0 1:[ 52.02838     -0.491288     0.          52.028537    -0.494655
   0.47224211   0.47224211]
221.0 1:[ 52.022883    -0.497053     0.          52.022985    -0.497345
   0.81896723   0.81896723]
672.0 1:[ 55.871283    -3.099665     0.          55.841485    -3.040403
   3.47035811   3.47035811]
172.0 1:[ 51.355327    -0.699032     1.          51.357682    -0.695983
   0.34983198   0.34983198]
1014.0 1:[ 51.34676    -0.712845    0.         51.286175   -0.747637    6.0546409
   6.0546409]
2576.0 1:[ 53.302482    -3.542998     0.          53.324002    -3.835172
  22.94910224  22.94910224]
634.0 1:[ 53.666512    -1.514348     0.          53.666265    -1.514407
   2.86389983   2.86389983]
