2423.0 1:[ 50.88947      0.3206       1.          50.796723     0.282183
   6.94692993   6.94692993]
363.0 1:[ 50.841048    -0.774192     0.          50.811397    -0.772768
   2.72284856   2.72284856]
824.0 1:[ 51.43409     -0.903043     1.          51.424427    -0.981265
   4.43721168   4.43721168]
347.0 1:[ 51.439658    -1.07471      1.          51.439658    -1.07471      1.08367136
   1.08367136]
1004.0 1:[ 51.434173    -0.902492     0.          51.47175     -0.86194      5.42767736
   5.42767736]
3900.0 1:[ 51.476572    -0.863998     0.          51.464598    -2.13068     65.83303508
  65.83303508]
544.0 1:[ 51.98787     -0.232965     0.          51.987808    -0.232992
   2.03374791   2.03374791]
468.0 1:[ 51.403003    -0.74866      0.          51.403622    -0.748192
   2.00330072   2.00330072]
1690.0 1:[ 53.808032    -2.224532     0.          53.862318    -2.119885
   7.70562415   7.70562415]
303.0 1:[  5.11893200e+01  -8.76523000e-01   0.00000000e+00   5.11892600e+01
  -8.76945000e-01   1.24274238e-02   1.24274238e-02]
58.0 1:[ 51.554985   -0.614212    0.         51.55503    -0.611218    0.1012835
   0.1012835]
654.0 1:[ 51.459115    -0.998623     0.          51.47101     -1.029455
   3.19695478   3.19695478]
1885.0 1:[ 51.459962   -0.993063    0.         51.47921    -1.042283    7.3551708
   7.3551708]
989.0 1:[ 51.433412    -1.075755     0.          51.479273    -1.042372
   6.58467052   6.58467052]
370.0 1:[ 51.618413    -0.7653       0.          51.63299     -0.754915
   1.56523403   1.56523403]
121.0 1:[  5.14335300e+01  -1.07607700e+00   0.00000000e+00   5.14335800e+01
  -1.07603200e+00   1.80197646e-02   1.80197646e-02]
94.0 1:[ 53.56425     -0.62474      1.          53.565972    -0.624473
   0.20629524   0.20629524]
2000.0 1:[ 51.066648   -1.840648    0.         51.066552   -1.840847    0.1186819
   0.1186819]
346.0 1:[ 51.075088   -1.770732    0.         51.079033   -1.802247    1.3048795
   1.3048795]
889.0 1:[ 51.074202    -1.771752     0.          51.074068    -1.771717
   2.04306848   2.04306848]
1084.0 1:[ 55.100877    -1.59136      0.          55.10085     -1.591053
   5.80547105   5.80547105]
1090.0 1:[ 52.02422     -0.783737     1.          52.040035    -0.778467
   2.33014197   2.33014197]
490.0 1:[ 53.85992     -1.510982     0.          53.842935    -1.551145
   3.28332538   3.28332538]
1583.0 1:[ 53.796403    -1.53738      0.          53.85981     -1.511142
   5.71412948   5.71412948]
555.0 1:[ 55.841413    -3.040435     0.          55.871242    -3.102292
   3.40138591   3.40138591]
471.0 1:[ 51.276233    -0.748288     0.          51.249865    -0.771067
   3.01924262   3.01924262]
590.0 1:[ 51.275955    -0.748148     0.          51.250333    -0.76981      2.89061879
   2.89061879]
412.0 1:[ 53.302795    -3.543143     0.          53.302743    -3.543117
   0.45484371   0.45484371]
