1026.0 1:[ 50.846318     0.409745     0.          50.889583     0.320517
   9.96182295   9.96182295]
1450.0 1:[ 50.81142     -0.772802     0.          50.811373    -0.772755
   4.31293745   4.31293745]
743.0 1:[ 51.4341      -0.902768     1.          51.440595    -0.86893      5.43264833
   5.43264833]
2340.0 1:[ 51.569988    -0.756282     0.          51.472558    -0.859143
  14.39530641  14.39530641]
548.0 1:[ 52.291078    -0.667442     0.          52.33102     -0.616753
   5.77253838   5.77253838]
777.0 1:[ 53.723535    -1.946423     1.          53.725223    -1.870298
   4.51115486   4.51115486]
4476.0 1:[ 51.350585   -0.194602    0.         51.416525   -0.75542    33.9871401
  33.9871401]
1179.0 1:[ 51.369605    -0.08198      0.          51.355075    -0.161732
   4.03083492   4.03083492]
462.0 1:[ 53.859907    -2.167043     0.          53.862333    -2.119833
   2.28478187   2.28478187]
1741.0 1:[ 51.111275    -1.044065     1.          50.910167    -1.380353
  23.64565935  23.64565935]
448.0 1:[ 51.67291     -0.276383     0.          51.656348    -0.249732
   2.36928836   2.36928836]
594.0 1:[ 51.437098    -0.898215     1.          51.4225      -0.935028
   2.67997395   2.67997395]
94.0 1:[ 53.56595     -0.624422     1.          53.564242    -0.624777
   0.20132427   0.20132427]
2967.0 1:[ 53.564292    -0.624757     0.          53.222028    -0.5306      27.13093037
  27.13093037]
699.0 1:[ 51.06665     -1.840922     0.          51.047482    -1.789183
   3.18825559   3.18825559]
971.0 1:[ 51.07424    -1.771728    0.         51.07411    -1.771773    3.3175008
   3.3175008]
1608.0 1:[ 54.587215    -5.92019      0.          54.57264     -6.007172
   5.92601706   5.92601706]
6343.0 1:[ 54.525452    -6.0032       0.          53.35289     -6.255982
  97.35519566  97.35519566]
158.0 1:[ 54.00847     -1.530162     0.          54.010555    -1.53698      0.54680665
   0.54680665]
1254.0 1:[  5.12773130e+01  -2.09853000e-01   1.00000000e+00   5.11826170e+01
  -2.60220000e-02   1.41759624e+01   1.41759624e+01]
697.0 1:[  5.11366070e+01  -3.22630000e-02   1.00000000e+00   5.11529250e+01
  -4.93730000e-02   1.37509445e+00   1.37509445e+00]
195.0 1:[  5.11278800e+01  -1.25380000e-02   0.00000000e+00   5.11255170e+01
  -1.79970000e-02   5.51777619e-01   5.51777619e-01]
102.0 1:[ 55.09571     -1.584725     0.          55.101032    -1.5907       0.50206792
   0.50206792]
745.0 1:[ 52.009817    -0.731215     1.          52.024362    -0.783652
   3.61203074   3.61203074]
265.0 1:[ 52.022863    -0.496972     0.          52.022983    -0.4974       0.82890917
   0.82890917]
657.0 1:[ 51.408615    -0.214798     0.          51.413802    -0.18529      1.83925873
   1.83925873]
1972.0 1:[ 53.323772    -3.83556      0.          53.302715    -3.543237
  21.20118508  21.20118508]
749.0 1:[ 53.302608    -3.542663     0.          53.302737    -3.543128
   3.91650262   3.91650262]
