2339.0 1:[ 50.853022    -0.94596      0.          51.129308    -1.065288
  31.46002346  31.46002346]
1270.0 1:[ 51.63769     -0.46819      0.          51.698395    -0.425045
   7.37878291   7.37878291]
625.0 1:[ 51.453195   -0.90689     0.         51.472495   -0.859173    3.7207707
   3.7207707]
236.0 1:[ 53.724775    -1.71582      0.          53.732003    -1.717592
   0.93764913   0.93764913]
297.0 1:[ 53.73223     -1.986103     0.          53.740928    -2.017325
   1.41734769   1.41734769]
1869.0 1:[ 51.987857    -0.232905     0.          52.043953    -0.355833
  11.25054681  11.25054681]
1715.0 1:[ 51.403128    -0.847745     0.          51.393305    -0.7411       6.59896206
   6.59896206]
534.0 1:[ 51.415608    -0.744903     0.          51.418752    -0.77785      2.41837668
   2.41837668]
208.0 1:[ 52.601445    -1.191733     0.          52.601327    -1.183818
   0.41259047   0.41259047]
253.0 1:[ 51.459227    -0.999252     0.          51.460757    -0.994247
   0.53872882   0.53872882]
4090.0 1:[ 51.546682    -2.567682     0.          51.433403    -1.075753
  71.43034677  71.43034677]
8833.0 1:[  52.03764      -0.757547      0.           53.423203     -1.256048
  110.61028593  110.61028593]
221.0 1:[ 54.579722    -1.304295     0.          54.579722    -1.304295
   0.68350831   0.68350831]
239.0 1:[ 52.214552    -0.899887     0.          52.214552    -0.899887
   0.90409508   0.90409508]
1920.0 1:[ 51.43329     -1.075768     0.          51.536785    -1.024135
  11.00448381  11.00448381]
594.0 1:[ 53.698165   -1.778227    0.         53.715878   -1.801675    1.7988696
   1.7988696]
17805.0 1:[  53.679092     -0.444292      1.           53.567992     -0.643778
  232.86755349  232.86755349]
3394.0 1:[ 53.23957     -0.514475     1.          53.570412    -0.676575
  28.15619283  28.15619283]
2144.0 1:[  5.11827600e+01  -2.57720000e-02   1.00000000e+00   5.12773620e+01
  -2.09858000e-01   1.76780104e+01   1.76780104e+01]
4194.0 1:[ 51.714232    -0.39733      0.          51.87463      0.352803
  55.11003241  55.11003241]
715.0 1:[ 53.03823     -2.17107      0.          53.037523    -2.169977
   0.86432733   0.86432733]
675.0 1:[ 53.817872    -1.515442     0.          53.79688     -1.53665      2.14497336
   2.14497336]
892.0 1:[ 51.416237    -0.179602     0.          51.408513    -0.214697
   1.70752804   1.70752804]
162.0 1:[ 53.302722    -3.543128     0.          53.302032    -3.539325
   0.17460531   0.17460531]
208.0 1:[ 51.408607    -0.1061       1.          51.410088    -0.103493
   0.69096477   0.69096477]
