1245.0 1:[ 51.527325    -0.08708      0.          51.511003    -0.085757
   1.56150581   1.56150581]
1632.0 1:[ 51.434278    -0.902625     0.          51.454712    -1.045848
  11.23874075  11.23874075]
128.0 1:[ 51.425015    -0.937838     0.           0.           0.           0.23612105
   0.23612105]
376.0 1:[ 51.698612    -0.426307     0.          51.703608    -0.40415      1.85727849
   1.85727849]
4509.0 1:[ 52.218663    -1.502647     0.          51.698583    -0.426213
  79.47337549  79.47337549]
754.343 1:[ 0.          0.          0.          0.          0.          5.90737592
  5.90737592]
6106.0 1:[ 53.723587    -1.946268     0.          53.338515    -2.856068
  54.11832399  54.11832399]
1052.0 1:[ 53.724018    -1.946065     0.          53.726513    -1.85482      5.16794421
   5.16794421]
1190.0 1:[ 51.40312     -0.748695     0.          51.40315     -0.74876      3.50142667
   3.50142667]
1697.0 1:[ 51.51778     -0.728885     0.          51.414758    -0.746163
   9.98792054   9.98792054]
2177.0 1:[ 51.107672    -1.044583     1.          50.923825    -0.823027
  17.87995606  17.87995606]
1001.0 1:[ 51.478705    -0.965332     0.          51.469885    -1.028023
   5.29594667   5.29594667]
314.0 1:[ 51.634338    -0.772138     0.          51.634338    -0.772138
   1.41796906   1.41796906]
652.0 1:[ 53.715895    -1.80164      0.          53.698218    -1.778302
   1.85106478   1.85106478]
3620.0 1:[ 53.224943    -0.531225     0.          53.56425     -0.624785
  27.42235346  27.42235346]
2877.0 1:[ 53.56425     -0.624798     0.          53.222045    -0.530583
  27.24961226  27.24961226]
796.0 1:[ 54.572793    -6.00678      0.          54.547167    -6.041862
   4.86657918   4.86657918]
600.0 1:[ 51.517685    -0.71657      1.          51.522233    -0.677523
   2.06730196   2.06730196]
1031.0 1:[ 51.292808    -0.731967     1.          51.350768    -0.662772
   7.02397996   7.02397996]
855.0 1:[ 51.24956     -0.206698     0.          51.24956     -0.206698
   3.34049153   3.34049153]
274.0 1:[ 51.394205    -0.110138     1.          51.394205    -0.110138
   0.94634833   0.94634833]
