2102.0 1:[ 50.968858     0.094528     0.          50.889568     0.320488
  16.74160403  16.74160403]
1693.0 1:[ 50.838615    -0.175617     0.          50.83358     -0.177247
   0.46540702   0.46540702]
1569.0 1:[ 50.811415    -0.772905     0.          50.822837    -0.749508
   2.31336495   2.31336495]
1040.0 1:[ 51.434067    -0.902635     0.          51.47541     -0.8642       5.42829874
   5.42829874]
3307.0 1:[ 56.398395    -3.470048     0.          55.947787    -3.363547
  40.59728684  40.59728684]
518.0 1:[ 52.291072    -0.66752      0.          52.330992    -0.616675
   5.75451861   5.75451861]
444.0 1:[ 53.70985     -1.909505     0.          53.723585    -1.946197
   2.02815557   2.02815557]
1845.0 1:[ 53.731958   -1.717303    0.         53.714513   -1.877935    7.8988706
   7.8988706]
373.0 1:[ 53.724875    -1.866555     0.          53.726872    -1.871565
   0.58471029   0.58471029]
916.0 1:[ 53.723583    -1.946162     0.          53.730957    -1.837353
   5.59047662   5.59047662]
1805.0 1:[ 51.511313    -1.768633     1.          51.562895    -1.795668
   7.15011831   7.15011831]
220.0 1:[  5.15628900e+01  -1.79551800e+00   1.00000000e+00   5.15627570e+01
  -1.79556500e+00   2.92044460e-02   2.92044460e-02]
786.0 1:[ 51.591375   -3.198463    0.         51.567263   -3.230952    5.1399825
   5.1399825]
168.0 1:[ 51.97839     -0.231517     1.          51.97878     -0.231488
   0.75558737   0.75558737]
1144.0 1:[ 52.043907    -0.355772     0.          51.987842    -0.23297     10.17992424
  10.17992424]
667.0 1:[ 51.40306     -0.74867      1.          51.376762    -0.78227      3.70710053
   3.70710053]
334.0 1:[ 51.417575    -0.76212      0.          51.402968    -0.748623
   2.00143661   2.00143661]
47.0 1:[  5.15691800e+01   1.46948000e-01   0.00000000e+00   5.15691350e+01
   1.47055000e-01   8.07782550e-03   8.07782550e-03]
1272.0 1:[ 51.569153    0.147007    0.         51.56911     0.121793    3.5200678
   3.5200678]
1148.0 1:[ 51.418663    -0.77784      0.          51.399238    -0.64754      6.58964149
   6.58964149]
516.0 1:[ 51.427023    -0.732088     0.          51.418       -0.76208      2.48113517
   2.48113517]
533.0 1:[ 51.483558   -1.085568    0.         51.479127   -1.042338    2.1785274
   2.1785274]
409.0 1:[ 53.715885    -1.801553     0.          53.698305    -1.778492
   1.89518214   1.89518214]
545.0 1:[ 53.59006     -0.637847     0.          53.564278    -0.624782
   2.50226179   2.50226179]
674.0 1:[ 51.074075    -1.771732     0.          51.073988    -1.77122      3.11804064
   3.11804064]
7119.0 1:[  53.80077     -1.547695     0.          55.100668    -1.59101
  104.8582528  104.8582528]
652.0 1:[ 51.522768    -0.7144       0.          51.521087    -0.75276      2.05611728
   2.05611728]
320.0 1:[ 52.028263  -0.489803   0.        52.027973  -0.489022   0.815239
   0.815239]
595.0 1:[ 55.841523   -3.040308    0.         55.871317   -3.099665    3.4423964
   3.4423964]
1225.0 1:[ 55.921265    -3.149203     0.          55.974502    -3.164873
   4.89826911   4.89826911]
329.0 1:[ 53.311778    -3.522555     0.          53.302717    -3.543165
   1.35334646   1.35334646]
729.0 1:[ 53.66631     -1.514255     0.          53.66739     -1.513897
   3.74748966   3.74748966]
