556.0 1:[ 51.434202    -0.902838     0.          51.423193    -0.934185
   1.70628529   1.70628529]
1968.0 1:[ 51.698365    -0.425118     0.          51.807888    -0.172865
  22.28609918  22.28609918]
2244.0 1:[ 51.700192    -0.434198     0.          51.637927    -0.468458
   7.51672731   7.51672731]
580.0 1:[ 52.29108    -0.667398    0.         52.330963   -0.616733    5.7893154
   5.7893154]
278.0 1:[ 53.724705    -1.715462     0.          53.732057    -1.717545
   0.94324147   0.94324147]
257.0 1:[ 51.97848     -0.231653     0.          51.978638    -0.23163      0.76987891
   0.76987891]
231.0 1:[ 51.38244     -0.772918     0.          51.369457    -0.793175
   1.28810248   1.28810248]
5549.0 1:[ 51.509382    -2.163105     0.          51.480098    -3.174373
  52.93026227  52.93026227]
627.0 1:[ 51.350797    -0.19467      1.          51.367998    -0.224905
   2.77069415   2.77069415]
384.0 1:[ 53.772348    -1.42358      0.          53.799543    -1.426467
   2.42148354   2.42148354]
333.0 1:[ 53.854062    -1.684748     0.          53.849905    -1.67108      1.02215561
   1.02215561]
1300.0 1:[ 51.517455    -0.728842     0.          51.427012    -0.732685
   8.13685576   8.13685576]
1178.894 1:[  0.           0.           0.          51.452107    -1.091285
   5.60849638   5.60849638]
6426.0 1:[ 51.479257    -1.042285     0.          51.546682    -2.567682
  76.92823908  76.92823908]
1907.0 1:[ 51.433135    -1.07586      0.          51.536778    -1.0241      11.86818977
  11.86818977]
997.0 1:[ 53.590127    -0.63811      0.          53.564232    -0.62481      2.51655333
   2.51655333]
55.0 1:[  5.10628750e+01  -1.78236200e+00   0.00000000e+00   5.10631250e+01
  -1.78210700e+00   7.45645431e-03   7.45645431e-03]
821.0 1:[ 53.0034      -2.131013     0.          53.038365    -2.171138
   4.18866321   4.18866321]
758.0 1:[ 52.024252    -0.783768     0.          52.03902     -0.68871      5.07349578
   5.07349578]
4222.0 1:[ 55.912717    -3.159185     0.          55.943133    -3.254452
  10.41293844  10.41293844]
