512.0 1:[ 52.00865    -0.730635    0.         52.010733   -0.735862    0.5542631
   0.5542631]
1265.0 1:[ 51.43452     -0.90269      0.          51.434358    -0.90285      6.55981568
   6.55981568]
584.0 1:[ 51.434292   -0.902897    0.         51.440548   -0.92243     2.2151883
   2.2151883]
380.0 1:[ 51.36681     -0.178562     1.          51.355168    -0.17691      0.98611608
   0.98611608]
1362.0 1:[  0.           0.           0.          52.331017    -0.61678      7.04634932
   7.04634932]
433.0 1:[ 51.403212    -0.748478     0.          51.393143    -0.741082
   1.94737732   1.94737732]
89.0 1:[  5.13750870e+01  -1.17945000e-01   0.00000000e+00   5.13753200e+01
  -1.17583000e-01   1.80197646e-02   1.80197646e-02]
372.0 1:[ 51.521608    -0.638222     0.          51.52109     -0.635245
   0.13608029   0.13608029]
270.0 1:[ 52.78672     -0.153513     0.          52.779122    -0.175403
   1.21353794   1.21353794]
1056.0 1:[ 51.405775   -0.065905    1.         51.405832   -0.065787    3.5741271
   3.5741271]
965.0 1:[ 55.9266     -3.267457    0.         55.925652   -3.247735    1.6888869
   1.6888869]
940.0 1:[ 51.276117    -0.74817      0.          51.315677    -0.740122
   3.97056192   3.97056192]
1356.0 1:[ 53.302827    -3.543022     0.          53.302718    -3.543193
   6.39577368   6.39577368]
