423.0 1:[  0.           0.           0.          50.889592     0.320535
   1.10852621   1.10852621]
2204.0 1:[ 50.889488    0.320585    0.         50.857983    0.5801     14.4257536
  14.4257536]
590.0 1:[ 50.835768    -0.77657      0.          50.781348    -0.82567      4.93617275
   4.93617275]
1021.0 1:[ 52.08365     -0.714327     0.          52.037325    -0.763995
   5.44818261   5.44818261]
8653.0 1:[ 51.434193    -0.903085     1.          51.433557    -0.905455
  99.32742782  99.32742782]
1017.0 1:[ 51.457455    -1.044447     0.          51.412085    -0.963723
   8.39534618   8.39534618]
1139.0 1:[ 51.472552    -0.859155     0.          51.569762    -0.75214     10.73791557
  10.73791557]
248.0 1:[ 51.47466    -0.88924     0.         51.472542   -0.859122    1.5378937
   1.5378937]
249.0 1:[ 53.724893    -1.715427     0.          53.732047    -1.717592
   0.91652251   0.91652251]
2112.0 1:[ 53.731995    -1.717508     0.          53.723518    -1.946112
  10.83919908  10.83919908]
448.0 1:[ 51.59177     -3.21878      1.          51.567268    -3.230988
   2.68183807   2.68183807]
755.0 1:[ 51.567108    -3.230582     0.          51.592207    -3.19943      2.85271514
   2.85271514]
1426.0 1:[ 51.403477    -0.848072     0.          51.403178    -0.748758
   5.97137716   5.97137716]
1725.0 1:[ 53.909448    -2.178805     0.          53.789417    -2.248318
  10.74288654  10.74288654]
1136.0 1:[ 51.526805    -0.893285     0.          51.536795    -1.024097
   8.10889406   8.10889406]
61.0 1:[ 53.564265    -0.624773     1.          53.565957    -0.624488
   0.19821741   0.19821741]
628.0 1:[ 51.074122   -1.771775    0.         51.078683   -1.802125    2.0965064
   2.0965064]
9456.0 1:[  5.14107100e+01  -6.53480000e-02   1.00000000e+00   5.12945300e+01
  -8.58910000e-01   7.24866778e+01   7.24866778e+01]
998.0 1:[ 51.454345    -0.062758     0.          51.451547    -0.056463
   4.26944146   4.26944146]
5199.0 1:[ 54.655475    -1.302802     0.          53.796647    -1.548928
  73.55854311  73.55854311]
142.0 1:[ 52.024475    -0.783758     0.          52.027005    -0.790443
   0.44365903   0.44365903]
5899.0 1:[ 53.85979     -1.51112      0.          52.766502    -1.204438
  97.13274477  97.13274477]
872.0 1:[ 55.942757   -3.184565    1.         55.919068   -3.13816     2.9937664
   2.9937664]
4420.0 1:[ 55.943453    -3.254488     0.          55.958883    -3.123225
  28.44885867  28.44885867]
946.0 1:[ 51.357683  -0.696005   1.        51.275922  -0.74812    6.91524    6.91524 ]
28.0 1:[  5.36663780e+01  -1.51392300e+00   0.00000000e+00   5.36662030e+01
  -1.51409000e+00   1.86411358e-02   1.86411358e-02]
