1768.0 1:[ 51.434472    -0.902718     0.          51.457613    -1.04469     11.54818361
  11.54818361]
3521.0 1:[ 52.416008    -1.725307     0.          52.447177    -1.715982
  45.77579436  45.77579436]
148.0 1:[ 51.637832    -0.468567     0.          51.640437    -0.471343
   0.42439652   0.42439652]
127.0 1:[ 52.326268   -0.611665    0.         52.331058   -0.616807    0.4765917
   0.4765917]
570.0 1:[ 53.740945   -2.017365    0.         53.723612   -1.946175    3.2398294
   3.2398294]
1039.0 1:[ 51.892522   -0.199077    0.         51.981395   -0.20278     8.9384246
   8.9384246]
371.0 1:[ 51.415602    -0.745027     0.          51.418735    -0.777862
   2.09526366   2.09526366]
164.0 1:[ 51.418285    -0.779382     0.          51.418745    -0.777838
   0.14850771   0.14850771]
217.0 1:[ 51.67327     -0.27613      1.          51.67124     -0.276557
   1.03458304   1.03458304]
4961.0 1:[ 53.715923    -1.801622     0.          53.715902    -1.801668
  34.31025312  34.31025312]
381.0 1:[ 51.074032    -1.771762     0.          51.07398     -1.771505
   1.76407281   1.76407281]
259.0 1:[ 0.          0.          0.          0.          0.          2.43888193
  2.43888193]
82.0 1:[ 53.037525    -2.169962     0.          53.038058    -2.168798
   0.07021494   0.07021494]
2693.0 1:[ 51.76113     -1.262322     0.          51.850458    -1.228247
  11.97195876  11.97195876]
1246.0 1:[ 51.416122    -0.179778     0.          51.40852     -0.214757
   1.69075101   1.69075101]
280.0 1:[ 53.303013    -3.542883     0.          53.305617    -3.524165
   0.98487334   0.98487334]
416.0 1:[ 51.398057    -0.087362     1.          51.398325    -0.088555
   1.28623837   1.28623837]
