267.0 1:[ 50.792737     0.283923     1.          50.80337      0.3026       1.33346258
   1.33346258]
1173.0 1:[ 50.796723    0.282183    1.         50.889543    0.320497   11.2679452
  11.2679452]
221.0 1:[ 56.397663    -3.485752     1.          56.398225    -3.470273
   0.66797403   0.66797403]
1038.0 1:[ 51.367098    -0.17865      1.          51.367025    -0.178618
   2.50164042   2.50164042]
208.0 1:[ 53.731962    -1.71759      0.          53.735728    -1.721357
   0.58533166   0.58533166]
1164.0 1:[ 51.567203    -3.23084      1.          51.494082    -3.220948
   7.97405651   7.97405651]
375.0 1:[ 51.421792    -0.747707     0.          51.403197    -0.748715
   2.05611728   2.05611728]
1504.0 1:[ 51.403238    -0.74852      0.          51.403435    -0.848057
   5.74706216   5.74706216]
758.0 1:[ 51.380645   -0.181802    0.         51.350328   -0.195687    3.1578084
   3.1578084]
518.0 1:[ 51.35052     -0.194708     0.          51.346375    -0.241052
   2.99749463   2.99749463]
450.0 1:[ 51.561102     0.08067      0.          51.560825     0.079997
   0.44614452   0.44614452]
2027.0 1:[ 50.923953    -0.82273      1.          51.107592    -1.045185
  18.00982264  18.00982264]
5249.0 1:[ 53.094527    -1.310098     0.          54.592968    -1.351965
  93.41073133  93.41073133]
72.0 1:[ 54.592977    -1.351982     0.          54.592977    -1.351982
   0.13545892   0.13545892]
746.0 1:[ 51.483468    -1.08562      0.          51.483468    -1.08562      2.26303388
   2.26303388]
264.0 1:[ 51.681978    -1.262212     1.          51.679872    -1.264395
   1.10666209   1.10666209]
444.0 1:[ 53.715882    -1.801628     0.          53.69825     -1.778097
   1.86038535   1.86038535]
314.0 1:[ 51.443813   -1.060302    0.         51.43378    -1.075672    1.6025163
   1.6025163]
1517.0 1:[ 53.564267    -0.624772     0.          53.564233    -0.624753
   5.32390838   5.32390838]
28.0 1:[  5.10631430e+01  -1.78208800e+00   0.00000000e+00   5.10629400e+01
  -1.78217200e+00   8.07782550e-03   8.07782550e-03]
716.0 1:[ 51.074022    -1.829737     0.          51.07402     -1.829577
   3.33179233   3.33179233]
579.0 1:[ 54.0106      -1.536973     0.          54.008372    -1.530063
   1.41672632   1.41672632]
245.0 1:[  5.11265270e+01  -1.12700000e-02   1.00000000e+00   5.11255230e+01
  -1.80320000e-02   4.77213076e-01   4.77213076e-01]
2018.0 1:[ 51.405762    -0.065585     1.          51.373275     0.095617
   9.05462101   9.05462101]
241.0 1:[ 51.456695    -0.962367     0.          51.456102    -0.968698
   0.82020997   0.82020997]
112.0 1:[ 52.025438    -0.788882     0.          52.02443     -0.783638
   0.31441382   0.31441382]
340.0 1:[ 53.839845    -1.503653     0.          53.85984     -1.511118
   1.90574545   1.90574545]
2910.0 1:[ 55.958657    -3.123082     0.          55.841457    -3.040403
  13.39241331  13.39241331]
1487.0 1:[ 53.324758    -3.833622     0.          53.30275     -3.543142
  15.08937803  15.08937803]
186.0 1:[ 53.67697     -1.502255     1.          53.67697     -1.502255
   0.75434463   0.75434463]
