753.0 1:[ 50.811325    -0.7727       0.          50.78155     -0.825637
   4.79263601   4.79263601]
324.0 1:[ 51.679097    -0.387987     0.          51.68148     -0.389128
   0.80467569   0.80467569]
1190.0 1:[ 51.750668    -0.22599      0.          51.819962    -0.318682
   8.66005031   8.66005031]
504.0 1:[ 51.360763    -0.193237     1.          51.35521     -0.17686      1.57331186
   1.57331186]
454.0 1:[ 51.366983    -0.178825     1.          51.355393    -0.17673      0.98300923
   0.98300923]
705.0 1:[ 51.30888     -0.302585     0.          51.308457    -0.301713
   4.35208383   4.35208383]
896.0 1:[ 53.71439     -1.878175     1.          53.723662    -1.94621      3.44923149
   3.44923149]
495.0 1:[ 51.426743    -0.732212     0.          51.41876     -0.777885
   3.14538098   3.14538098]
2645.0 1:[ 51.41891     -0.777913     0.          51.216932    -0.805258
  22.61915414  22.61915414]
504.0 1:[ 53.791657    -2.241068     1.          53.808025    -2.224563
   1.41175535   1.41175535]
2283.0 1:[ 51.536697    -1.023635     0.          51.433337    -1.076013
  14.59725205  14.59725205]
807.0 1:[ 51.41271     -0.946132     0.          51.433427    -1.076113
   7.55214547   7.55214547]
979.0 1:[ 51.40587     -0.065997     1.          51.406063    -0.066725
   3.18390599   3.18390599]
3332.0 1:[ 54.568467    -1.16483      0.          55.100857    -1.591162
  48.17801539  48.17801539]
1043.0 1:[ 55.100807    -1.591108     0.          55.100753    -1.591125
   4.76529567   4.76529567]
732.0 1:[ 53.037553    -2.169932     1.          53.031068    -2.191883
   1.81129703   1.81129703]
139.0 1:[ 52.026202   -0.790933    0.         52.024427   -0.783578    0.4529796
   0.4529796]
1096.0 1:[ 55.935088    -3.270597     0.          55.907435    -3.258825
   3.68473117   3.68473117]
669.0 1:[ 53.305157    -3.524375     0.          53.30221     -3.538968
   1.76904378   1.76904378]
