6670.0 1:[  51.793793     -1.283655      0.           50.81137      -0.772778
  105.71512368  105.71512368]
502.0 1:[ 50.811262    -0.77255      0.          50.8444      -0.756562
   3.24045077   3.24045077]
715.0 1:[ 52.294022    -0.683558     0.          52.25235     -0.621825
   5.06106836   5.06106836]
174.0 1:[ 52.330947    -0.616652     0.          52.324842    -0.614152
   0.68102283   0.68102283]
109.0 1:[ 51.313498    -0.29812      0.          51.313498    -0.29812      0.10811859
   0.10811859]
874.0 1:[ 53.714468    -1.877948     0.          53.723605    -1.946193
   3.45171697   3.45171697]
1037.0 1:[ 51.56735     -3.23106      0.          51.577913    -3.215403
   9.80461604   9.80461604]
1262.0 1:[ 52.043735    -0.355762     0.          51.987845    -0.232963
  10.18178836  10.18178836]
295.0 1:[ 51.987777    -0.232793     0.          51.987743    -0.231978
   1.06068063   1.06068063]
229.0 1:[ 51.98797     -0.228822     0.          51.980818    -0.230542
   0.90968743   0.90968743]
1100.0 1:[ 51.435677    -0.972537     0.          51.456435    -0.97973      3.07703014
   3.07703014]
506.0 1:[ 51.656223    -0.270022     1.          51.673187    -0.27615      1.90512408
   1.90512408]
36.0 1:[  5.14335320e+01  -1.07599300e+00   0.00000000e+00   5.14336100e+01
  -1.07601000e+00   3.10685596e-03   3.10685596e-03]
723.0 1:[ 53.564202    -0.624845     0.          53.59185     -0.655767
   2.71228525   2.71228525]
951.0 1:[ 51.074008    -1.771702     0.           0.           0.           3.30569474
   3.30569474]
359.0 1:[ 51.87233      0.356212     0.          51.872205     0.363087
   1.53230136   1.53230136]
848.0 1:[  5.15787830e+01   4.27920000e-02   0.00000000e+00   5.15777780e+01
   4.35230000e-02   5.16545872e+00   5.16545872e+00]
1520.0 1:[ 51.533505    -0.750383     0.          51.520208    -0.619897
   9.99351288   9.99351288]
406.0 1:[ 51.517617    -0.716515     1.          51.522882    -0.71384      0.83822974
   0.83822974]
442.0 1:[ 55.871382   -3.099723    0.         55.847853   -3.053703    2.6725175
   2.6725175]
1259.0 1:[ 55.868352    -3.116348     0.          55.84147     -3.040403
   4.40055078   4.40055078]
872.0 1:[ 55.949673    -3.131182     0.          55.940785    -3.176787
   4.11099181   4.11099181]
