893.0 1:[ 50.837502    -0.66776      0.          50.908497    -0.566428
   7.57700032   7.57700032]
1070.0 1:[ 50.811325    -0.772707     0.          50.84997     -0.617553
  10.79383898  10.79383898]
723.0 1:[ 51.361313     1.436878     0.          51.35975      1.435528
   2.51593196   2.51593196]
668.0 1:[ 51.38303    -0.213372    1.         51.367447   -0.178648    2.4115416
   2.4115416]
1481.0 1:[ 51.675308    -0.497958     0.          51.760355    -0.339678
  13.04693092  13.04693092]
679.0 1:[ 52.402043    -0.738063     0.          52.401973    -0.742608
   0.76055834   0.76055834]
1753.0 1:[ 53.723617    -1.946168     1.          53.732042    -1.717603
  11.48480375  11.48480375]
720.0 1:[ 53.723402    -1.94664      0.          53.714635    -1.878513
   3.46476577   3.46476577]
2183.0 1:[ 53.723652    -1.946148     0.          53.79412     -1.750183
  12.33981051  12.33981051]
241.0 1:[ 53.724975    -1.715515     0.          53.73202     -1.717598
   0.91776525   0.91776525]
412.0 1:[ 51.567017    -3.23099      1.          51.591942    -3.21892      2.79244214
   2.79244214]
287.0 1:[ 51.572405    -3.216662     1.          51.567242    -3.230995
   1.08553547   1.08553547]
3639.0 1:[ 51.987813    -0.232862     0.          51.66977     -0.156777
  29.29330212  29.29330212]
288.0 1:[ 51.417915   -0.76231     0.         51.414647   -0.75617     0.7462668
   0.7462668]
8434.0 1:[  51.479048     -3.173793      0.           51.40315      -0.748705
  120.25955917  120.25955917]
964.0 1:[ 51.57513      0.312813     1.          51.58959      0.492652
   8.58051479   8.58051479]
713.0 1:[ 51.418688    -0.777862     0.          51.415027    -0.746242
   2.30652987   2.30652987]
1786.0 1:[ 51.418685    -0.777968     0.          51.517778    -0.728902
   9.84314106   9.84314106]
1131.0 1:[ 51.47871     -0.965262     0.          51.478828    -0.965203
   5.33385031   5.33385031]
448.0 1:[ 51.663103    -0.287148     0.          51.663012    -0.287312
   1.30736499   1.30736499]
38.0 1:[  5.15367830e+01  -1.02394700e+00   0.00000000e+00   5.15367820e+01
  -1.02410200e+00   1.86411358e-03   1.86411358e-03]
549.0 1:[ 51.618395    -0.765243     0.          51.634365    -0.769452
   1.62550704   1.62550704]
1170.0 1:[ 53.71509     -1.787563     0.          53.703798    -1.85775      5.69797383
   5.69797383]
2108.0 1:[ 53.738812    -1.828932     0.          53.768357    -1.842418
  10.45581305  10.45581305]
786.0 1:[ 51.076397    -1.809773     0.           0.           0.           1.90077448
   1.90077448]
665.0 1:[ 51.075148    -1.816408     0.          51.074097    -1.771773
   3.10002088   3.10002088]
1171.0 1:[ 55.958702    -3.122635     0.          55.841467    -3.040383
  12.09374751  12.09374751]
347.0 1:[ 53.3118    -3.52259    0.        53.302603  -3.54298    1.34589    1.34589 ]
1067.0 1:[ 51.242583    -0.097333     0.          51.236748    -0.206608
   5.98753281   5.98753281]
10424.0 1:[  50.90471      -2.636708      0.           51.446007     -0.191877
  127.17542054  127.17542054]
