965.0 1:[ 50.889558     0.320533     0.          50.846318     0.409745
   9.83009226   9.83009226]
793.0 1:[ 50.833533    -0.177175     0.          50.821368    -0.147592
   2.05052493   2.05052493]
386.0 1:[ 51.367025    -0.178618     1.          51.355235    -0.176852
   0.96685358   0.96685358]
3463.0 1:[ 51.433853    -1.076068     0.          51.344323    -0.48513     42.70187107
  42.70187107]
11926.0 1:[  51.308965     -0.302568      0.           51.460875     -3.16764
  144.17489362  144.17489362]
558.0 1:[ 53.723525    -1.946278     1.          53.703652    -1.91848      2.71477074
   2.71477074]
1471.0 1:[ 51.98781     -0.232898     0.          51.986588    -0.240553
  10.62482602  10.62482602]
323.0 1:[ 51.413295    -0.752752     0.          51.40295     -0.748613
   1.48321304   1.48321304]
268.0 1:[ 51.402578    -0.837835     0.          51.403477    -0.848072
   0.67978008   0.67978008]
419.0 1:[ 51.40321     -0.748843     0.          51.39333     -0.740808
   1.91195916   1.91195916]
1236.0 1:[ 51.479363    -1.04222      0.          51.433455    -1.075642
   6.04718444   6.04718444]
363.0 1:[ 51.459148    -0.998018     0.          51.459962    -0.993063
   2.22947984   2.22947984]
4257.0 1:[ 52.29658     -0.676123     0.          51.887558    -0.511148
  34.66816293  34.66816293]
322.0 1:[ 51.663148   -0.287282    1.         51.663378   -0.286378    1.3092291
   1.3092291]
2784.0 1:[ 51.433427    -1.076023     0.          51.536803    -1.024143
  12.97298775  12.97298775]
238.0 1:[ 53.567993    -0.64378      1.          53.564245    -0.624787
   1.03768989   1.03768989]
3079.0 1:[ 53.56422     -0.624827     0.          53.222033    -0.530623
  27.21357274  27.21357274]
712.0 1:[ 52.896145    -1.271063     1.          52.896115    -1.27054      3.19136244
   3.19136244]
518.0 1:[ 55.870858    -3.100207     0.          55.842708    -3.048822
   3.15532291   3.15532291]
379.0 1:[ 51.27597     -0.748167     1.          51.2663      -0.720657
   1.92687207   1.92687207]
227.0 1:[ 53.302662    -3.54319      0.          53.305017    -3.52447      0.95194067
   0.95194067]
244.0 1:[ 53.671927    -1.503752     1.          53.671705    -1.503675
   0.74999503   0.74999503]
