414.0 1:[ 50.889478     0.325543     0.          50.829628     0.356105
   3.80092758   3.80092758]
494.0 1:[ 50.835097    -0.799695     0.          50.811372    -0.772787
   3.58655452   3.58655452]
835.0 1:[ 52.068005    -0.736768     0.          52.083613    -0.714418
   2.95648413   2.95648413]
530.0 1:[ 56.398222    -3.469918     0.          56.40343     -3.434547
   1.78954903   1.78954903]
3067.0 1:[ 56.494635    -2.983048     0.          56.398262    -3.470203
  29.69657202  29.69657202]
375.0 1:[ 51.489157    -0.870423     0.          51.472503    -0.859132
   1.26697586   1.26697586]
740.0 1:[ 51.585403    -3.223597     1.          51.572502    -3.216793
   2.00765032   2.00765032]
718.0 1:[ 51.427277    -0.731862     1.          51.402978    -0.748583
   3.16277937   3.16277937]
1375.0 1:[ 51.570897     0.12123      0.          51.56959      0.106225
   5.24437286   5.24437286]
556.0 1:[ 51.567352     0.113738     0.          51.570742     0.098018
   1.45152311   1.45152311]
4889.0 1:[ 51.418822    -0.777912     0.          51.415705    -0.74497     43.36176728
  43.36176728]
451.0 1:[ 51.4186     -0.777772    0.         51.415105   -0.753218    1.9821741
   1.9821741]
1770.0 1:[ 53.862148    -2.119727     1.          53.69093     -2.326907
  18.91578183  18.91578183]
427.0 1:[ 53.862267    -2.119705     1.          53.858612    -2.174982
   2.28788873   2.28788873]
46.0 1:[  5.14592650e+01  -9.98927000e-01   0.00000000e+00   5.14591230e+01
  -9.99122000e-01   9.32056788e-03   9.32056788e-03]
317.0 1:[  5.14604750e+01   2.84020000e-02   0.00000000e+00   5.14604870e+01
   2.83750000e-02   2.73403325e-02   2.73403325e-02]
341.0 1:[ 53.564135   -0.624697    0.         53.562567   -0.613775    1.6242643
   1.6242643]
956.0 1:[ 53.564255    -0.62476      0.          53.564257    -0.624777
   4.72925614   4.72925614]
1034.0 1:[ 53.560947    -0.638547     0.          53.590085    -0.638072
   3.23796528   3.23796528]
343.0 1:[ 51.071645    -1.79239      0.          51.071645    -1.79239      1.09920564
   1.09920564]
293.0 1:[ 51.078922    -1.772198     0.          51.078715    -1.772337
   0.60894377   0.60894377]
1303.0 1:[  5.12770820e+01  -2.09718000e-01   0.00000000e+00   5.12773230e+01
  -2.09677000e-01   2.54762189e-02   2.54762189e-02]
1167.0 1:[  5.12769220e+01  -2.09618000e-01   0.00000000e+00   5.11827400e+01
  -2.58070000e-02   1.38832965e+01   1.38832965e+01]
784.0 1:[ 51.873728     0.345923     0.          51.872043     0.346155
   2.30652987   2.30652987]
222.0 1:[ 51.87463      0.352803     0.          51.872972     0.35701      1.24833473
   1.24833473]
176.0 1:[ 52.231618    -0.911723     0.          52.0259      -0.495815
   0.56669053   0.56669053]
711.0 1:[ 55.908823    -3.209143     1.          55.9271      -3.171612
   3.32930685   3.32930685]
1957.0 1:[ 55.936563    -3.23172      0.          55.841488    -3.040382
  12.29507178  12.29507178]
617.0 1:[ 55.871325    -3.102387     0.          55.841452    -3.040367
   3.39641494   3.39641494]
1724.0 1:[ 53.302802    -3.543227     0.          53.302757    -3.543135
   2.95648413   2.95648413]
719.0 1:[ 51.249347    -0.20703      0.          51.249347    -0.20703      2.62591466
   2.62591466]
850.0 1:[ 51.236675    -0.207365     0.          51.23661     -0.207505
   2.45752307   2.45752307]
387.0 1:[ 53.66878     -1.52545      0.          53.66878     -1.52545      1.07497216
   1.07497216]
