1019.0 1:[ 51.360213     1.412442     0.          51.383663     1.389478
   3.49831981   3.49831981]
647.0 1:[ 56.398305    -3.469957     1.          56.393957    -3.429577
   1.86224946   1.86224946]
330.0 1:[ 56.398122    -3.470062     1.          56.405652    -3.452637
   1.55032112   1.55032112]
1195.0 1:[ 51.369778    -0.08116      1.          51.367163    -0.178562
   4.95357114   4.95357114]
1110.0 1:[ 52.290935    -0.667533     0.          52.299627    -0.614338
   9.05897061   9.05897061]
860.0 1:[ 52.330938    -0.616467     0.          52.291072    -0.66752      6.55173785
   6.55173785]
417.0 1:[  0.           0.           0.          51.301648    -0.330327
   1.80011234   1.80011234]
205.0 1:[ 53.735735    -1.72107      1.          53.732117    -1.717545
   0.60335143   0.60335143]
844.0 1:[ 53.725333    -1.887895     0.          53.72364     -1.946178
   3.42002704   3.42002704]
2422.0 1:[ 53.723793    -1.946217     0.          53.732092    -1.717198
  10.93240476  10.93240476]
2188.0 1:[ 51.403353    -0.848142     0.          51.403248    -0.748712
   5.93720174   5.93720174]
721.0 1:[ 51.87486      0.353067     0.          51.875        0.352855
  14.24182773  14.24182773]
1517.0 1:[ 52.041288    -0.71641      0.          52.044003    -0.750828
   7.64472978   7.64472978]
791.0 1:[ 55.94075     -3.176657     0.          55.907765    -3.145873
   3.36783186   3.36783186]
1447.0 1:[ 53.311407    -3.498193     0.          53.30273     -3.543177
   2.67189613   2.67189613]
1112.0 1:[ 50.03627     -5.128468     0.          50.120102    -5.207523
   8.17289529   8.17289529]
764.0 1:[ 53.69802     -1.266198     0.          53.69802     -1.266198
  16.02640579  16.02640579]
