539.0 1:[ 50.88958      0.320543     0.          50.864243     0.256632
   3.77917959   3.77917959]
617.0 1:[ 50.889595     0.320448     0.          50.864365     0.256827
   3.81086952   3.81086952]
1161.0 1:[ 50.828667    -0.78758      0.          50.811398    -0.772665
   4.16008013   4.16008013]
380.0 1:[ 56.390862    -3.482068     1.          56.398312    -3.470147
   1.04452497   1.04452497]
878.0 1:[ 51.358035    -0.148545     1.          51.367118    -0.178543
   2.41899805   2.41899805]
1291.0 1:[ 53.709632    -1.910173     0.          53.723595    -1.946175
   8.41150183   8.41150183]
2894.0 1:[ 53.73204     -1.717745     0.          53.723613    -1.946183
  11.30833433  11.30833433]
113.0 1:[ 51.56816     -3.227347     1.          51.567177    -3.230902
   0.26594687   0.26594687]
226.0 1:[ 52.043965    -0.355625     0.          52.043457    -0.354282
   0.28707349   0.28707349]
3489.0 1:[ 51.36979     -0.0813       0.          51.486478    -0.170572
  11.12378708  11.12378708]
1984.0 1:[ 51.53682     -1.02413      0.          51.54983     -1.017443
  13.06557206  13.06557206]
904.0 1:[ 51.542192    -0.923467     0.          51.536947    -1.024165
   6.24975145   6.24975145]
1870.0 1:[ 51.536842    -1.024123     0.          51.43331     -1.075975
  11.35058757  11.35058757]
293.0 1:[ 51.074142    -1.799772     1.          51.074142    -1.799772
   1.03893263   1.03893263]
197.0 1:[ 51.07732     -1.771657     0.          51.07727     -1.773232
   0.54742802   0.54742802]
724.0 1:[ 54.010458    -1.536965     0.          53.995348    -1.535192
   1.83801599   1.83801599]
1493.0 1:[  5.12773200e+01  -2.09897000e-01   1.00000000e+00   5.11827330e+01
  -2.58630000e-02   1.38192953e+01   1.38192953e+01]
372.0 1:[  5.12710000e+01  -2.11587000e-01   0.00000000e+00   5.12708680e+01
  -2.11347000e-01   1.18060527e-02   1.18060527e-02]
1318.0 1:[ 51.454078    -0.057735     1.          51.405795    -0.065623
   4.49189235   4.49189235]
5599.0 1:[  5.09863180e+01  -1.27647800e+00   1.00000000e+00   5.12735900e+01
   4.21880000e-02   7.27109928e+01   7.27109928e+01]
2000.0 1:[ 51.808475    0.137085    0.         51.808465    0.136718   14.1517289
  14.1517289]
4178.0 1:[ 53.859813    -1.511127     0.          54.060148    -2.154525
  35.52689792  35.52689792]
613.0 1:[ 51.27615     -0.747993     0.          51.304272    -0.723625
   3.36348226   3.36348226]
299.0 1:[ 51.275567    -0.747407     0.          51.272292    -0.7213       1.70628529
   1.70628529]
